6.40  -292.32  -201.60  -147.36  -339.20  -415.68  -34.40  -514.56  -547.68  -67.68  -351.68  -160.64  
-191.20  -29.92  410.56  -440.64  -447.68  -608.80  -137.44  -399.36  -390.24  -420.32  -123.20  193.60  
344.64  -167.52  152.48  -19.04  -422.56  -412.48  615.84  -930.40  -1164.64  298.40  -116.32  791.84  
-81.60  -345.12  265.44  -114.72  -366.72  289.12  -143.52  -409.44  98.08  -102.24  -401.12  102.40  

8.32  -291.52  -205.92  -145.12  -328.96  -404.00  -30.56  -515.20  -546.08  -66.56  -350.88  -158.56  
-192.00  -33.28  410.72  -439.20  -451.04  -600.64  -136.32  -398.88  -387.20  -418.40  -120.16  194.56  
341.12  -165.12  153.44  -16.32  -424.64  -409.76  617.76  -928.16  -1164.00  293.92  -117.60  789.28  
-81.44  -347.52  265.44  -116.16  -366.56  286.24  -143.68  -408.00  97.60  -104.64  -403.04  107.20  

6.56  -289.76  -204.48  -150.24  -328.32  -403.52  -32.48  -512.80  -545.92  -64.32  -352.00  -161.92  
-190.72  -32.32  409.76  -437.92  -445.92  -608.64  -135.68  -399.36  -384.64  -419.36  -123.52  194.56  
343.04  -165.12  156.00  -12.16  -425.44  -409.12  617.12  -924.00  -1168.16  293.92  -116.96  804.96  
-84.00  -348.64  261.76  -117.60  -368.64  283.84  -143.52  -409.12  100.32  -103.52  -404.80  104.80  

6.88  -290.08  -198.40  -147.68  -343.84  -407.68  -33.60  -516.96  -545.92  -63.84  -350.24  -161.28  
-195.04  -37.76  410.88  -439.20  -446.24  -604.48  -138.40  -402.56  -390.24  -418.40  -120.48  203.52  
342.88  -169.76  152.96  -14.24  -423.36  -407.36  618.40  -918.24  -1165.92  294.24  -82.72  884.32  
-80.00  -347.52  260.32  -116.32  -365.44  285.92  -144.64  -408.32  97.76  -101.44  -401.92  102.56  

6.08  -292.96  -205.44  -147.36  -330.40  -405.12  -29.76  -518.56  -548.00  -68.48  -349.44  -162.08  
-190.40  -32.80  414.88  -439.36  -444.80  -606.56  -137.92  -400.96  -390.88  -416.48  -120.16  195.68  
344.16  -164.96  161.12  -15.20  -424.96  -409.60  615.52  -920.48  -1160.16  296.80  -94.56  797.60  
-83.20  -350.72  263.52  -116.48  -367.20  284.16  -146.72  -406.88  103.04  -104.00  -401.76  103.68  

8.48  -293.28  -206.24  -147.84  -330.72  -407.52  -31.36  -515.84  -544.32  -64.00  -351.84  -161.12  
-191.04  -31.84  409.92  -439.52  -447.04  -606.88  -132.96  -399.84  -390.56  -417.12  -123.04  193.28  
344.48  -165.12  154.08  -14.72  -428.48  -405.44  654.88  -909.92  -1151.84  293.60  -110.24  886.56  
-81.12  -344.48  267.04  -116.64  -368.16  285.44  -148.32  -406.72  101.44  -105.44  -404.32  108.00  

8.64  -293.12  -165.12  -144.96  -326.88  -406.72  -31.84  -515.84  -548.32  -66.56  -351.04  -161.76  
-191.84  -32.32  417.12  -438.24  -444.96  -604.00  -136.96  -400.00  -386.88  -418.40  -123.68  197.44  
345.92  -165.12  152.32  -15.84  -423.04  -406.24  615.52  -926.56  -1180.32  295.20  -116.96  790.88  
-80.64  -344.48  272.32  -116.16  -366.24  280.48  -145.28  -407.68  101.12  -102.56  -404.00  102.08  

8.16  -293.60  -201.28  -148.32  -324.48  -400.32  -33.76  -516.64  -544.96  -66.24  -352.00  -164.00  
-191.36  -35.04  411.20  -439.36  -444.00  -607.04  -135.84  -392.32  -388.16  -419.20  -126.40  196.48  
341.76  -162.88  157.60  -17.28  -424.64  -408.64  615.20  -921.76  -1169.44  294.24  -116.32  793.76  
-82.88  -340.00  275.04  -114.56  -370.08  284.96  -142.72  -409.44  98.88  -104.64  -404.00  103.20  

4.96  -290.40  -202.08  -143.20  -327.68  -402.88  -32.96  -518.40  -544.64  -62.40  -350.24  -164.96  
-191.52  -31.68  416.80  -438.88  -443.68  -609.12  -136.96  -398.56  -372.16  -417.44  -118.08  203.68  
344.32  -163.84  153.44  -15.68  -426.56  -405.12  619.68  -918.88  -1164.00  292.00  -114.40  795.36  
-82.88  -347.68  263.84  -120.16  -369.28  287.20  -146.56  -408.96  95.68  -107.68  -402.56  107.68  

40.80  -0.16  -0.16  -116.00  -352.32  -424.32  -33.92  -515.20  -548.80  -65.60  -349.60  -161.44  
-189.44  -33.44  412.00  -440.16  -446.24  -606.40  -136.00  -398.56  -391.36  -420.00  -121.12  199.04  
341.76  -164.96  151.68  -13.76  -427.68  -404.32  620.32  -932.96  -1167.84  291.36  -111.84  801.12  
-84.00  -347.84  261.44  -117.76  -366.24  287.52  -142.40  -413.12  98.40  -101.76  -404.16  108.64  

8.96  -296.16  -213.12  -147.20  -298.24  -414.88  -31.36  -516.48  -543.20  -66.88  -350.24  -161.92  
-192.16  -30.08  415.20  -437.76  -446.24  -605.92  -135.68  -396.96  -393.92  -416.48  -123.52  195.52  
343.52  -164.16  148.00  -13.92  -425.12  -407.20  624.48  -918.56  -1168.48  293.60  -116.96  861.92  
-82.56  -344.80  260.80  -114.56  -368.80  285.28  -144.16  -411.84  98.88  -104.96  -405.12  101.92  

12.96  -291.68  -202.24  -112.80  -355.04  -429.12  -36.32  -513.60  -542.56  -66.56  -351.20  -162.56  
-191.20  -34.08  410.08  -442.08  -448.48  -603.84  -136.80  -400.00  -391.36  -423.84  -124.32  195.36  
341.44  -168.16  154.40  -16.48  -426.72  -410.56  616.80  -922.40  -1164.00  295.84  -113.12  864.48  
-82.56  -349.76  263.68  -117.28  -368.48  284.64  -145.92  -410.88  99.68  -107.36  -411.04  108.00  

13.44  -297.28  -204.64  -147.04  -329.60  -405.60  -30.72  -519.52  -542.72  -66.88  -354.88  -166.72  
-193.12  -34.72  414.56  -442.24  -449.60  -604.32  -139.68  -403.36  -388.32  -421.92  -124.00  195.20  
344.00  -165.28  154.72  -14.40  -428.80  -405.60  616.16  -934.88  -1170.40  299.68  -119.52  806.24  
-80.80  -350.24  263.68  -117.60  -409.60  287.52  -147.84  -410.08  95.36  -104.96  -407.04  106.88  

