11.84  -319.20  -238.24  -161.28  -341.12  -383.20  -46.88  -518.56  -573.76  -49.76  -341.44  -151.36  
-25.92  172.00  775.36  -565.12  -533.28  -912.64  -14.72  -415.52  -531.68  -529.44  4.96  340.96  
274.56  -272.00  81.76  67.20  -437.12  -310.08  547.36  -915.36  -834.08  294.24  -427.68  456.48  
-88.96  -347.20  273.12  -121.12  -380.96  284.96  -132.48  -410.56  92.96  -100.32  -411.36  117.76  

11.68  -316.16  -238.88  -157.12  -344.32  -389.92  -49.76  -521.92  -569.12  -51.36  -341.12  -156.64  
-28.16  167.36  779.20  -566.24  -532.32  -911.04  -15.04  -413.44  -531.52  -532.64  12.16  340.00  
275.04  -271.52  80.32  71.04  -440.32  -310.88  542.24  -916.96  -766.24  293.92  -421.28  465.12  
-88.32  -347.52  271.20  -122.24  -381.44  284.96  -137.12  -412.00  97.44  -97.92  -411.20  119.04  

11.04  -319.68  -239.20  -159.36  -339.04  -383.52  -47.68  -522.08  -576.32  -54.08  -342.40  -157.60  
-29.44  171.20  779.04  -561.76  -535.20  -913.44  -18.72  -415.20  -523.36  -532.96  7.04  337.44  
275.36  -268.16  78.40  69.44  -435.84  -308.48  541.92  -918.56  -764.32  292.96  -426.08  453.28  
-87.04  -345.44  272.32  -120.64  -378.08  286.24  -135.36  -413.44  92.32  -102.08  -410.24  117.76  

13.44  -315.84  -235.04  -161.12  -345.12  -384.16  -48.48  -521.12  -574.72  -51.84  -337.60  -154.40  
-31.52  166.40  776.48  -560.16  -532.96  -908.96  -14.24  -413.92  -534.24  -532.32  8.16  340.32  
276.32  -270.56  86.40  71.20  -439.20  -306.24  537.12  -919.20  -828.32  293.60  -425.76  465.76  
-87.20  -345.44  270.88  -119.84  -379.52  284.32  -134.40  -412.16  96.32  -101.44  -412.00  115.04  

9.12  -319.36  -235.20  -157.60  -340.80  -385.28  -48.64  -518.56  -572.96  -52.16  -342.24  -157.44  
-27.04  168.16  774.08  -563.04  -534.08  -916.00  -16.48  -417.92  -529.12  -532.80  10.08  343.20  
276.00  -270.72  81.28  68.16  -435.68  -305.76  544.80  -919.52  -826.72  294.56  -428.00  464.16  
-88.64  -346.56  270.72  -119.36  -379.52  288.16  -136.64  -408.32  97.12  -101.12  -411.20  116.48  

11.20  -315.84  -236.64  -157.12  -341.76  -379.84  -45.12  -519.36  -574.40  -50.40  -340.00  -152.16  
-25.12  171.04  775.84  -562.88  -531.52  -916.64  -10.56  -412.64  -533.92  -529.44  13.12  337.76  
276.00  -268.96  78.88  68.64  -434.08  -306.88  572.32  -850.72  -823.84  293.28  -415.52  461.60  
-84.80  -347.20  269.92  -123.84  -377.28  279.52  -134.56  -406.88  94.40  -96.80  -408.96  116.80  

11.68  -317.92  -233.76  -159.04  -335.52  -381.44  -48.32  -516.32  -573.92  -51.04  -335.84  -151.20  
-25.60  174.24  776.48  -561.92  -530.24  -912.96  -11.36  -411.52  -532.16  -526.08  15.68  347.84  
272.96  -266.88  79.20  66.24  -437.12  -308.00  538.72  -911.84  -827.04  292.64  -422.88  456.80  
-86.08  -342.40  265.92  -118.56  -376.80  284.96  -133.12  -406.40  95.36  -103.68  -410.24  116.80  

13.12  -311.68  -233.28  -163.84  -335.04  -381.60  -46.40  -518.08  -570.72  -50.40  -337.12  -156.16  
-26.88  175.52  774.56  -560.64  -526.88  -915.20  -14.88  -409.76  -530.40  -527.20  11.84  340.00  
274.24  -266.40  82.72  67.20  -434.88  -305.12  539.04  -904.48  -832.80  286.88  -412.32  458.40  
-88.64  -340.80  266.40  -122.08  -378.08  281.60  -136.00  -405.44  92.96  -100.16  -405.76  115.04  

16.32  -314.08  -230.40  -159.36  -337.44  -387.68  -47.36  -515.04  -569.92  -47.36  -332.96  -149.44  
-25.12  176.00  780.48  -558.72  -527.84  -916.32  -13.76  -411.36  -533.12  -527.52  14.72  342.40  
274.40  -264.00  41.60  66.08  -436.16  -308.48  536.16  -907.04  -831.20  292.00  -415.20  455.20  
-86.24  -342.56  267.52  -120.00  -374.40  279.36  -137.92  -407.68  97.28  -99.84  -408.00  112.32  

9.92  -312.00  -232.96  -158.24  -332.80  -382.72  -46.24  -514.56  -576.16  -52.00  -334.08  -153.12  
-24.32  172.16  776.16  -560.00  -530.08  -909.44  -11.36  -407.04  -534.08  -530.24  14.24  337.76  
273.28  -265.12  79.36  71.84  -432.48  -307.84  538.08  -933.92  -778.08  288.48  -418.40  459.68  
-87.68  -339.36  266.88  -120.96  -377.44  283.84  -136.16  -406.24  94.56  -100.32  -406.08  115.84  

12.32  -311.04  -234.40  -158.88  -336.64  -384.00  -46.08  -517.76  -574.88  -52.80  -333.92  -153.28  
-26.24  176.00  778.40  -559.36  -527.04  -915.52  -13.44  -409.28  -519.52  -526.88  10.08  341.28  
273.76  -264.96  83.04  68.00  -432.16  -306.08  540.00  -907.36  -837.92  293.60  -416.16  460.00  
-87.04  -339.68  268.32  -123.36  -376.64  284.48  -134.40  -404.00  94.24  -100.64  -410.24  115.36  

13.76  -310.40  -226.24  -159.52  -332.80  -382.24  -46.56  -515.36  -569.92  -48.80  -334.40  -153.60  
-24.16  176.48  780.32  -559.04  -528.32  -915.20  -12.48  -408.48  -512.96  -528.00  17.76  336.96  
272.32  -264.16  82.40  66.88  -433.60  -304.80  543.84  -905.44  -822.56  289.12  -413.60  451.04  
-86.24  -344.16  267.84  -119.68  -377.28  284.16  -133.28  -405.44  95.84  -100.16  -407.20  116.80  

13.92  -311.20  -231.52  -159.04  -335.20  -382.08  -47.36  -517.60  -575.84  -47.68  -334.72  -153.76  
-24.80  173.92  774.24  -563.04  -524.96  -913.76  -12.64  -408.16  -529.92  -528.32  15.84  348.00  
272.48  -261.12  82.72  70.08  -431.68  -308.96  539.68  -857.44  -753.12  302.56  -410.40  456.80  
-85.92  -344.48  267.68  -118.08  -376.32  282.24  -133.92  -406.56  91.68  -99.36  -404.96  113.76  

11.20  -309.44  -230.56  -156.00  -335.52  -380.64  -44.48  -513.60  -569.28  -51.68  -333.92  -153.60  
-26.24  175.20  774.72  -560.64  -527.52  -912.00  -11.84  -411.68  -531.20  -528.16  15.36  339.68  
275.36  -263.52  81.92  69.44  -432.32  -306.08  534.88  -912.80  -822.24  289.44  -410.40  457.44  
-84.96  -340.00  267.52  -121.76  -375.68  280.48  -133.76  -404.96  90.08  -101.28  -406.72  117.12  

12.00  -311.04  -232.16  -157.60  -336.48  -378.08  -46.24  -514.72  -563.04  -49.76  -336.48  -155.20  
-26.88  177.44  781.44  -560.96  -528.00  -912.64  -10.24  -411.52  -531.52  -527.04  16.48  349.28  
272.48  -267.04  84.32  67.52  -431.68  -296.32  540.00  -903.84  -825.44  290.40  -366.88  465.12  
-86.72  -340.96  267.04  -119.68  -374.08  276.80  -135.36  -407.20  90.24  -100.32  -406.56  84.32  

