-7.36  -352.48  -255.36  -106.56  -368.96  -362.56  -58.56  -533.12  -506.72  -49.76  -388.16  -191.20  
16.64  81.76  548.00  -622.72  -484.64  -731.84  -21.92  -441.60  -709.76  -520.96  112.48  531.84  
274.08  -225.76  117.92  77.12  -433.12  -367.68  569.76  -859.04  -691.68  241.44  -441.76  402.08  
-82.72  -308.32  288.32  -127.68  -349.76  289.76  -139.04  -395.52  56.32  -87.36  -396.00  88.64  

-3.20  -348.96  -254.24  -139.84  -346.08  -337.92  -61.28  -535.20  -512.00  -47.84  -382.56  -186.56  
15.68  85.60  544.16  -621.92  -488.00  -726.56  -24.80  -439.04  -706.56  -519.84  112.96  539.52  
274.24  -228.80  118.24  79.04  -434.72  -370.24  564.32  -854.56  -687.52  242.72  -444.00  396.00  
-82.72  -307.84  291.20  -128.00  -351.36  288.96  -140.80  -391.36  52.64  -87.84  -399.04  84.64  

-5.12  -350.24  -256.96  -106.40  -372.64  -345.12  -58.24  -534.88  -512.96  -49.28  -389.92  -191.52  
15.20  81.28  545.12  -624.16  -488.48  -726.56  -25.76  -444.64  -709.92  -523.36  116.00  554.56  
275.52  -228.16  118.88  78.88  -436.80  -367.04  561.76  -858.08  -684.64  242.72  -439.52  398.56  
-81.60  -307.20  286.88  -125.92  -348.48  291.84  -139.04  -395.84  53.12  -88.32  -399.52  85.92  

-6.40  -354.24  -253.92  -138.24  -345.12  -341.12  -57.92  -533.92  -511.84  -48.16  -385.12  -193.44  
16.96  84.16  547.04  -623.36  -480.96  -729.60  -21.28  -437.76  -707.68  -522.40  118.56  535.52  
275.52  -227.68  118.08  78.72  -431.04  -371.20  565.60  -855.52  -692.00  286.88  -439.20  391.52  
-82.56  -305.92  290.24  -125.44  -346.24  288.00  -138.56  -393.28  52.00  -88.64  -397.76  85.12  

-4.96  -349.76  -256.00  -104.64  -360.16  -345.60  -59.20  -531.36  -498.24  -48.00  -385.28  -188.32  
16.32  86.24  544.00  -620.16  -485.44  -732.48  -20.80  -439.52  -680.00  -517.44  113.44  548.80  
275.20  -228.80  121.92  78.40  -427.36  -371.36  566.88  -854.56  -692.00  242.72  -435.36  396.00  
-76.32  -306.56  290.24  -83.68  -351.68  291.36  -139.04  -392.80  51.20  -88.80  -396.96  88.32  

-6.08  -351.36  -254.56  -138.24  -344.00  -337.44  -58.24  -532.64  -511.04  -47.36  -385.44  -191.52  
16.48  83.84  547.36  -625.44  -483.84  -726.40  -17.12  -439.04  -709.12  -522.88  114.56  539.52  
275.84  -225.92  118.40  80.96  -435.52  -369.60  566.56  -831.20  -681.76  244.00  -440.48  395.68  
-79.36  -305.92  290.24  -123.84  -349.60  294.24  -144.48  -392.00  53.44  -86.40  -399.36  88.48  

-2.24  -350.56  -258.72  -106.08  -371.52  -360.64  -59.84  -530.40  -512.64  -51.84  -387.20  -186.40  
18.72  84.48  544.64  -624.48  -485.60  -731.04  -20.64  -441.60  -708.48  -520.48  113.92  548.16  
273.12  -229.44  115.04  76.64  -433.28  -367.84  564.32  -857.44  -686.24  244.96  -433.12  392.16  
-85.60  -303.68  288.00  -126.40  -347.52  288.48  -139.36  -393.92  52.64  -87.52  -394.72  89.60  

-4.48  -350.08  -253.60  -141.44  -347.20  -336.32  -58.72  -528.00  -513.92  -46.08  -387.04  -193.12  
15.68  84.80  543.84  -621.44  -483.68  -730.24  -20.16  -442.72  -707.52  -522.40  117.12  537.76  
275.20  -223.52  119.68  80.32  -428.16  -368.00  562.40  -855.20  -684.00  241.12  -434.08  404.32  
-79.84  -307.20  289.76  -127.04  -345.92  289.44  -140.64  -392.16  52.64  -87.52  -397.28  85.76  

-2.24  -349.60  -256.32  -108.00  -364.48  -358.40  -58.40  -532.64  -511.52  -49.12  -385.76  -193.12  
18.24  84.64  542.24  -624.64  -486.56  -727.84  -22.40  -440.16  -705.12  -522.72  116.80  534.72  
274.08  -226.08  120.00  78.56  -432.64  -368.80  564.32  -832.80  -655.84  240.80  -431.20  397.92  
-78.72  -305.44  286.88  -128.64  -349.60  287.68  -138.88  -394.24  51.04  -87.04  -397.60  92.64  

-5.60  -349.60  -256.48  -139.20  -346.08  -338.56  -57.28  -528.80  -512.64  -51.20  -387.20  -191.04  
16.00  82.88  543.52  -623.20  -483.36  -728.96  -20.96  -441.12  -708.16  -519.52  115.68  538.88  
274.56  -225.76  120.16  79.04  -431.20  -367.68  566.88  -853.92  -690.08  242.40  -443.68  393.44  
-80.16  -302.24  291.84  -127.04  -348.48  290.56  -141.92  -393.92  52.64  -87.04  -395.68  84.80  

-5.76  -353.12  -245.44  -105.92  -367.36  -363.52  -61.12  -531.52  -511.36  -49.28  -390.24  -193.12  
16.48  86.72  544.64  -624.80  -488.48  -726.24  -20.16  -444.64  -710.40  -520.16  114.08  533.92  
276.32  -227.20  119.68  80.00  -431.52  -370.56  565.60  -901.92  -685.92  238.56  -433.76  452.64  
-80.00  -305.76  286.24  -124.64  -349.12  298.08  -139.36  -390.72  58.88  -87.84  -397.12  89.44  

-7.52  -351.84  -256.96  -139.36  -354.56  -339.36  -63.20  -536.00  -508.48  -51.84  -388.96  -189.60  
15.20  84.32  544.48  -625.76  -489.60  -731.36  -20.32  -445.12  -707.04  -521.92  112.00  535.52  
277.28  -227.04  118.72  76.48  -433.28  -366.40  562.40  -854.88  -690.72  241.12  -427.36  453.28  
-80.64  -309.28  297.60  -123.52  -352.48  293.60  -137.60  -399.20  53.28  -87.68  -398.24  90.72  

-5.60  -352.00  -257.28  -107.20  -372.16  -364.48  -62.40  -536.32  -514.40  -50.24  -391.20  -194.72  
13.44  84.32  545.44  -625.28  -490.08  -726.24  -23.36  -444.64  -707.36  -522.72  111.20  539.68  
275.68  -229.76  83.20  81.60  -438.72  -370.56  568.48  -903.20  -694.56  244.32  -447.84  455.20  
-79.04  -307.84  295.04  -123.68  -352.96  291.36  -140.16  -394.72  56.16  -85.28  -398.72  88.96  

-3.68  -358.40  -270.08  -132.64  -360.96  -341.60  -60.80  -536.64  -513.28  -48.00  -393.76  -193.60  
15.68  79.36  544.80  -623.20  -491.84  -729.28  -23.68  -444.32  -709.60  -523.36  109.76  537.92  
276.48  -229.28  117.92  80.00  -438.72  -368.64  569.76  -904.16  -685.92  242.08  -445.60  371.68  
-79.04  -309.60  289.28  -123.20  -355.68  294.24  -140.32  -399.04  54.40  -86.24  -400.96  90.72  

