-14.72  -383.68  -284.48  -97.60  -388.96  -315.36  -67.84  -551.04  -478.40  -51.36  -426.40  -218.56  
-16.96  -24.96  336.80  -618.24  -454.72  -546.72  -100.96  -478.88  -876.48  -440.64  190.56  760.96  
261.92  -197.76  153.28  109.12  -440.32  -424.80  642.08  -855.52  -576.48  219.04  -502.88  387.68  
-72.00  -250.88  330.56  -138.72  -315.68  308.80  -144.48  -382.24  -5.92  -67.84  -392.48  57.28  

-18.56  -381.44  -275.36  -127.04  -356.64  -310.56  -68.00  -551.04  -478.88  -50.40  -428.48  -218.24  
-20.32  -21.28  341.44  -618.56  -455.68  -550.72  -98.24  -478.08  -872.80  -438.08  192.80  758.40  
259.52  -196.96  148.64  108.48  -438.24  -424.00  636.96  -855.84  -576.48  215.52  -519.52  388.32  
-70.72  -251.20  331.68  -138.72  -314.40  308.16  -144.80  -381.60  -9.12  -68.00  -386.40  49.28  

-17.28  -380.80  -269.60  -99.04  -383.68  -335.36  -68.96  -550.08  -477.76  -52.32  -424.00  -199.68  
-17.44  -22.72  336.80  -618.56  -456.32  -553.44  -100.32  -478.24  -874.40  -436.64  191.36  758.72  
262.40  -197.28  153.92  108.80  -441.76  -424.64  641.44  -903.52  -613.92  204.96  -518.24  310.88  
-70.88  -252.16  332.80  -135.04  -312.80  307.84  -146.56  -378.56  -11.52  -68.32  -386.88  50.40  

-16.48  -383.52  -272.80  -129.28  -362.56  -307.52  -70.24  -547.84  -470.72  -51.04  -424.48  -214.24  
-12.80  -21.12  338.40  -617.92  -454.56  -552.64  -98.08  -477.60  -876.80  -436.48  192.16  755.68  
264.16  -195.36  151.68  107.68  -436.32  -425.12  621.28  -842.08  -576.48  239.84  -516.00  316.32  
-71.52  -249.60  331.04  -136.96  -311.52  308.32  -144.48  -383.20  -2.24  -63.20  -387.20  48.32  

-19.04  -380.48  -273.44  -98.88  -384.64  -336.32  -68.64  -549.28  -474.56  -53.60  -427.68  -213.92  
-14.08  -21.76  341.60  -616.16  -456.80  -552.00  -96.96  -478.72  -876.48  -439.04  191.68  757.44  
261.12  -196.16  157.92  111.04  -440.64  -421.92  640.80  -857.12  -515.36  243.36  -516.64  311.52  
-70.40  -252.80  332.16  -136.00  -313.44  306.08  -148.00  -384.48  -9.12  -66.88  -386.08  50.72  

-14.72  -383.68  -270.72  -130.88  -328.96  -318.24  -67.52  -549.60  -475.04  -53.76  -427.68  -214.88  
-12.96  -22.40  340.16  -617.92  -452.32  -548.16  -100.32  -480.16  -874.56  -439.04  186.88  759.04  
256.96  -197.28  154.40  109.12  -439.68  -426.56  639.84  -851.36  -581.60  215.20  -521.12  317.92  
-72.64  -252.00  331.68  -136.80  -312.16  310.72  -147.20  -382.56  -7.36  -64.16  -385.28  49.76  

-16.80  -380.32  -272.48  -95.68  -382.72  -330.88  -67.20  -551.04  -476.00  -51.20  -427.36  -215.52  
-14.40  -21.44  340.96  -619.20  -456.64  -548.16  -101.12  -475.04  -876.48  -440.16  190.88  755.36  
262.08  -195.04  151.36  110.08  -436.16  -428.16  633.76  -854.56  -578.72  207.84  -506.40  317.28  
-70.40  -252.64  330.24  -140.32  -313.28  308.96  -147.84  -385.12  -7.36  -67.20  -386.08  52.00  

-17.92  -0.16  -0.16  -127.84  -358.72  -310.08  -67.20  -551.36  -475.52  -53.28  -427.68  -211.52  
-16.64  -21.76  340.48  -618.24  -452.16  -544.32  -100.96  -479.84  -875.52  -437.28  193.92  759.52  
256.80  -191.84  152.64  109.28  -436.48  -425.12  637.92  -852.64  -610.40  211.68  -523.36  314.72  
-70.40  -249.44  329.12  -139.20  -312.32  307.04  -145.92  -382.72  -8.48  -62.24  -387.36  48.64  

-16.32  -380.64  -275.20  -98.88  -371.52  -315.68  -67.04  -547.52  -470.40  -51.68  -422.40  -213.60  
-17.12  -21.92  338.56  -616.16  -455.20  -553.12  -100.32  -479.84  -875.04  -437.28  192.80  754.40  
262.88  -192.32  155.84  109.76  -442.24  -424.96  640.16  -848.48  -577.44  221.60  -516.96  313.44  
-70.88  -251.36  330.08  -136.16  -312.00  305.12  -146.72  -379.20  -6.88  -63.36  -385.12  48.48  

-16.16  -386.40  -268.80  -130.72  -359.68  -308.80  -69.28  -548.80  -470.72  -52.32  -419.84  -218.88  
-14.88  -21.12  339.84  -620.00  -453.44  -551.36  -100.00  -478.40  -874.72  -436.64  191.84  762.56  
261.60  -194.56  156.00  109.28  -439.04  -426.08  643.04  -852.64  -575.20  215.20  -517.92  319.20  
-73.12  -251.20  332.80  -136.16  -309.92  306.08  -148.32  -380.00  -12.80  -64.16  -385.28  49.44  

-19.04  -381.92  -266.56  -98.08  -383.04  -336.80  -69.60  -546.88  -470.08  -51.52  -424.96  -212.16  
-14.88  -21.92  337.92  -616.96  -454.72  -548.32  -100.32  -477.28  -875.04  -438.24  193.44  757.12  
261.76  -197.44  149.28  109.60  -437.92  -423.68  639.20  -853.92  -524.64  217.76  -517.28  307.68  
-73.92  -249.60  329.60  -137.60  -310.72  308.16  -146.40  -381.92  -7.84  -67.20  -386.24  49.60  

-17.76  -380.48  -271.20  -127.36  -359.36  -322.88  -65.60  -547.52  -477.12  -51.84  -425.44  -212.16  
-15.68  -22.88  339.68  -618.24  -454.08  -552.16  -100.00  -480.48  -875.84  -433.12  195.04  756.48  
260.96  -193.12  152.00  107.36  -440.16  -424.32  642.72  -851.68  -607.20  219.36  -517.60  311.20  
-71.52  -251.04  340.96  -136.64  -312.00  303.68  -149.44  -380.00  -11.20  -66.56  -388.64  48.00  

-14.88  -378.56  -270.08  -97.60  -380.64  -333.92  -66.40  -550.08  -476.16  -48.96  -426.88  -215.84  
-15.20  -20.80  336.00  -618.24  -454.72  -548.80  -100.32  -481.44  -874.40  -438.08  192.00  781.92  
262.40  -194.40  151.52  109.28  -439.20  -425.28  638.24  -858.40  -612.96  222.56  -520.16  312.48  
-71.20  -251.36  332.00  -138.56  -314.24  303.84  -148.96  -379.52  -5.28  -65.44  -390.56  49.28  

-17.92  -379.20  -271.84  -128.48  -361.28  -310.88  -69.44  -547.20  -475.36  -51.84  -428.00  -214.40  
-19.68  -21.76  335.52  -616.16  -456.80  -554.40  -101.60  -478.24  -874.88  -440.48  193.76  762.88  
258.88  -194.72  150.88  111.52  -436.48  -428.16  639.20  -859.36  -574.56  221.60  -524.64  316.32  
-72.16  -251.36  334.08  -136.00  -312.00  309.76  -146.88  -384.32  -6.72  -68.80  -384.96  50.24  

-14.56  -382.24  -274.08  -95.84  -383.68  -333.44  -69.44  -550.56  -479.04  -48.80  -422.24  -199.52  
-15.84  -23.84  341.28  -620.80  -455.68  -549.44  -101.92  -477.28  -873.44  -441.28  190.72  759.84  
261.60  -197.76  151.84  112.16  -441.44  -427.36  637.28  -852.00  -582.24  220.32  -530.08  316.64  
-69.76  -251.84  332.16  -136.48  -315.36  309.92  -146.56  -382.24  -8.32  -65.76  -388.80  56.64  

-19.68  -385.60  -271.68  -127.52  -363.04  -312.00  -68.00  -552.00  -471.68  -50.56  -428.16  -220.32  
-19.04  -24.48  340.96  -621.28  -457.44  -546.40  -101.76  -479.52  -876.96  -442.24  190.08  759.36  
262.24  -198.88  151.68  113.28  -438.08  -427.52  640.16  -857.76  -574.24  223.52  -522.40  313.44  
-69.76  -253.28  334.08  -140.00  -315.36  309.60  -146.08  -385.12  -8.16  -66.88  -390.56  49.76  

-18.24  -381.76  -274.40  -112.64  -380.80  -327.84  -70.88  -546.88  -477.92  -52.96  -428.32  -218.24  
-16.96  -21.60  347.68  -616.96  -455.52  -548.80  -103.36  -479.20  -875.20  -438.24  189.12  758.40  
260.80  -196.00  149.76  109.12  -437.44  -419.20  643.68  -855.52  -607.84  222.24  -519.84  316.96  
-69.28  -247.04  329.60  -136.48  -308.16  308.64  -145.28  -380.80  -10.24  -66.40  -388.48  49.12  

-17.76  -380.80  -273.12  -128.80  -357.44  -309.60  -69.76  -550.56  -476.64  -51.68  -424.00  -216.96  
-16.48  -20.48  338.24  -619.36  -455.52  -553.60  -101.12  -476.80  -877.12  -437.28  193.60  757.44  
263.04  -196.64  152.96  108.80  -436.16  -427.84  640.48  -852.64  -613.28  218.08  -516.00  319.84  
-70.56  -250.72  331.04  -138.72  -311.84  311.84  -147.20  -382.88  -11.04  -64.32  -387.04  49.92  

