-17.60  -369.92  -265.44  -89.28  -373.12  -347.84  -60.32  -547.52  -464.64  -57.60  -428.16  -216.16  
-159.84  -142.72  215.84  -492.00  -432.80  -412.32  -195.04  -400.96  -560.16  -352.16  -18.08  387.36  
328.32  -43.20  306.72  42.24  -448.48  -618.24  792.48  -902.56  -821.92  140.00  -359.20  471.84  
-61.28  -258.24  324.00  -133.60  -290.56  319.52  -166.40  -377.12  12.32  -72.16  -376.32  22.56  

-13.76  -368.48  -264.00  -122.88  -354.40  -322.88  -59.68  -548.16  -467.20  -56.48  -424.96  -213.92  
-156.48  -142.72  211.84  -488.96  -431.20  -412.80  -195.52  -402.72  -570.40  -349.60  -17.12  387.68  
329.12  -41.60  306.72  36.48  -448.80  -613.60  804.32  -851.68  -828.96  138.08  -355.68  472.80  
-57.28  -257.76  324.00  -135.36  -289.44  321.92  -164.16  -377.76  9.12  -75.84  -377.92  20.32  

-17.44  -367.04  -260.48  -88.96  -376.16  -346.08  -59.52  -547.36  -467.68  -56.48  -429.44  -218.88  
-156.80  -142.08  216.32  -493.12  -432.80  -412.48  -193.12  -403.04  -611.68  -352.32  -18.56  390.08  
331.20  -37.92  308.80  39.52  -446.08  -616.80  798.56  -834.40  -771.36  137.44  -356.96  470.88  
-60.00  -260.80  321.76  -132.96  -288.00  323.36  -164.32  -378.56  16.16  -70.72  -378.24  25.44  

-19.04  -372.96  -250.56  -123.84  -352.96  -318.08  -62.08  -546.72  -466.72  -54.56  -424.64  -220.96  
-159.36  -140.00  212.96  -490.88  -434.56  -412.96  -195.52  -405.28  -575.36  -353.12  -17.60  391.84  
329.44  -39.68  310.24  39.20  -447.36  -614.72  802.72  -855.20  -764.64  139.36  -358.56  460.96  
-60.00  -260.16  323.52  -131.36  -288.00  322.40  -166.24  -378.40  8.48  -73.92  -377.44  24.80  

-16.96  -372.48  -268.00  -88.80  -378.24  -339.84  -60.96  -549.76  -468.00  -55.36  -427.84  -215.68  
-159.84  -143.84  212.80  -490.72  -432.48  -450.24  -193.44  -404.64  -574.08  -350.24  -19.84  369.76  
328.96  -41.60  311.84  38.40  -445.12  -618.40  799.84  -850.40  -766.56  140.64  -355.68  483.68  
-56.16  -257.12  323.20  -134.08  -289.92  318.88  -164.64  -380.48  11.84  -73.92  -378.40  21.60  

-18.08  -369.28  -268.48  -123.84  -353.28  -316.32  -61.92  -544.32  -470.56  -53.12  -429.28  -222.56  
-159.68  -141.60  212.48  -491.68  -434.56  -414.24  -197.12  -405.76  -569.92  -351.52  -18.88  389.44  
329.60  -41.60  303.04  38.72  -447.84  -652.96  802.08  -850.72  -771.68  138.08  -358.24  482.40  
-58.40  -258.08  321.12  -134.88  -289.28  322.56  -162.72  -378.72  10.40  -72.96  -381.28  23.68  

-16.64  -368.16  -260.96  -91.68  -377.60  -342.24  -62.56  -545.76  -467.36  -53.60  -427.36  -216.00  
-159.20  -142.40  214.40  -492.48  -434.40  -410.56  -196.48  -402.56  -572.16  -352.16  -19.52  389.60  
325.92  -40.48  307.20  36.32  -448.32  -615.04  798.24  -855.20  -819.36  137.76  -359.84  475.04  
-57.92  -260.48  322.40  -133.60  -288.16  321.92  -164.64  -379.20  12.00  -73.76  -379.20  22.24  

-14.88  -374.88  -268.16  -120.48  -352.48  -317.44  -63.20  -544.32  -467.68  -53.28  -426.88  -219.52  
-158.72  -141.28  212.16  -494.24  -432.48  -413.92  -196.16  -401.28  -572.96  -353.60  -18.88  390.08  
331.20  -42.24  315.04  37.92  -445.92  -616.16  792.48  -852.96  -774.56  145.12  -359.84  474.40  
-58.88  -262.72  322.40  -136.48  -287.20  318.08  -163.20  -375.84  10.24  -71.52  -379.52  26.72  

-17.60  -372.32  -264.32  -90.88  -374.88  -343.52  -61.28  -544.48  -467.20  -56.48  -428.16  -216.96  
-158.72  -141.60  213.76  -491.36  -431.04  -416.96  -196.32  -402.88  -572.64  -353.44  -19.84  390.08  
326.88  -39.84  304.16  36.64  -445.76  -614.88  796.32  -837.28  -776.80  140.00  -331.04  541.28  
-56.64  -256.48  320.48  -133.28  -289.44  320.48  -164.16  -378.56  12.64  -73.28  -381.12  22.08  

-20.00  -369.60  -268.80  -123.04  -354.88  -326.88  -60.80  -545.76  -466.08  -53.92  -427.20  -221.28  
-158.88  -140.80  221.12  -491.84  -436.16  -416.48  -197.76  -403.20  -573.76  -352.80  -16.80  400.96  
329.60  -41.44  305.60  36.96  -445.44  -613.92  800.16  -848.16  -766.24  132.64  -337.44  538.72  
-57.44  -260.64  319.68  -130.88  -288.00  324.00  -164.48  -374.08  10.56  -74.88  -377.12  22.24  

-14.40  -370.24  -268.96  -91.20  -377.76  -339.52  -60.80  -546.08  -467.84  -53.76  -427.68  -218.40  
-159.04  -141.92  213.28  -491.04  -432.80  -415.52  -195.04  -403.84  -569.60  -349.28  -15.52  388.32  
330.72  -39.04  308.96  40.96  -446.24  -617.76  799.84  -850.72  -773.92  139.36  -353.76  468.64  
-55.52  -258.56  321.12  -136.16  -288.96  320.48  -163.36  -377.60  8.00  -72.80  -377.60  22.40  

-16.16  -372.16  -264.32  -122.24  -354.72  -319.04  -63.04  -544.96  -464.80  -57.12  -426.72  -221.28  
-157.92  -144.96  210.88  -492.32  -435.84  -409.92  -196.64  -402.88  -574.56  -350.40  -17.92  389.12  
331.36  -40.32  306.24  39.36  -449.28  -652.00  803.68  -854.56  -820.64  139.36  -358.56  473.76  
-56.80  -256.64  321.44  -134.08  -288.80  321.12  -166.88  -378.88  8.32  -73.28  -377.60  25.60  

-17.92  -369.28  -262.08  -86.56  -378.24  -363.84  -61.92  -545.60  -463.84  -55.68  -426.40  -218.40  
-160.64  -141.12  209.12  -490.08  -435.68  -416.64  -194.88  -398.08  -563.52  -351.36  -17.44  387.36  
331.20  -39.04  306.08  38.88  -448.00  -615.04  794.40  -845.60  -778.08  141.60  -359.52  473.44  
-55.84  -253.28  328.00  -134.72  -287.04  323.04  -167.04  -380.96  7.68  -74.88  -379.36  20.32  

-15.20  -371.20  -265.60  -126.40  -352.64  -319.84  -58.56  -544.80  -469.92  -55.36  -426.56  -211.84  
-156.80  -138.88  212.16  -490.72  -433.28  -416.48  -195.84  -402.56  -570.88  -347.20  -18.88  387.68  
329.44  -40.16  306.72  39.36  -444.96  -615.68  789.60  -825.44  -820.32  142.24  -363.04  480.16  
-57.12  -260.00  325.12  -136.96  -290.40  319.52  -163.52  -375.52  9.28  -75.20  -379.20  24.64  

