-19.36  -371.52  -259.68  -82.88  -381.60  -331.36  -59.84  -557.28  -461.60  -63.52  -440.80  -224.16  
-235.04  -237.44  135.84  -421.92  -442.56  -311.36  -253.12  -400.48  -373.92  -330.40  -164.16  214.88  
474.40  188.48  597.76  -96.48  -528.96  -913.12  1026.72  -915.36  -1013.60  -10.72  -109.92  711.52  
-48.64  -283.20  315.20  -127.52  -278.08  342.88  -180.80  -386.88  41.44  -88.00  -381.92  5.12  

-19.84  -373.28  -258.08  -115.68  -357.28  -329.60  -55.68  -555.68  -459.84  -60.96  -443.20  -227.52  
-238.40  -238.56  134.08  -422.24  -443.36  -310.40  -252.16  -405.28  -380.48  -328.32  -168.64  210.72  
470.88  188.64  595.68  -99.04  -530.72  -915.36  1025.12  -920.80  -1077.60  -10.40  -112.80  728.80  
-51.20  -284.16  315.84  -126.88  -280.96  342.56  -177.28  -389.76  37.44  -90.24  -383.84  5.12  

-24.16  -372.80  -260.00  -83.84  -380.80  -354.88  -56.48  -556.64  -459.20  -61.28  -443.36  -228.32  
-237.92  -240.16  134.40  -420.64  -440.32  -310.24  -250.40  -401.28  -371.36  -328.00  -159.04  219.04  
468.32  188.32  596.48  -97.12  -532.48  -916.00  1027.36  -916.96  -1079.20  -7.52  -91.36  722.40  
-54.24  -285.12  316.80  -127.68  -274.72  339.68  -177.12  -390.40  39.68  -87.36  -383.36  4.32  

-21.12  -378.88  -267.04  -115.52  -356.48  -288.16  -58.40  -557.60  -461.92  -61.76  -447.04  -221.44  
-236.00  -240.80  133.28  -422.40  -445.60  -313.12  -252.16  -400.16  -383.52  -329.28  -165.76  213.92  
471.84  181.92  596.48  -95.52  -531.52  -918.88  1024.16  -924.00  -1076.00  -8.48  -113.12  732.96  
-51.84  -283.84  314.24  -125.12  -276.32  342.72  -176.48  -388.80  39.36  -85.76  -381.28  7.20  

-23.04  -374.72  -261.28  -84.64  -382.72  -354.72  -57.60  -556.16  -460.48  -63.04  -445.92  -225.44  
-237.92  -239.68  134.40  -422.56  -444.96  -311.52  -252.80  -400.16  -386.08  -328.80  -165.44  214.40  
470.56  188.32  596.64  -92.16  -533.28  -919.04  1063.20  -917.60  -1087.84  -12.64  -106.08  714.08  
-52.48  -283.68  319.04  -131.20  -279.36  340.48  -179.20  -388.16  41.92  -88.32  -381.92  3.68  

-22.24  -372.16  -262.24  -117.60  -359.20  -327.04  -59.04  -558.40  -459.20  -61.92  -444.96  -224.64  
-237.92  -240.16  135.84  -421.60  -439.04  -304.00  -253.28  -403.04  -384.16  -331.68  -163.36  212.16  
471.04  186.40  596.32  -97.44  -532.16  -916.16  1050.40  -918.56  -1080.80  -13.92  -114.72  709.92  
-49.28  -284.00  314.72  -128.64  -277.44  338.24  -176.80  -390.88  36.16  -85.60  -385.76  3.68  

-23.04  -378.24  -262.88  -85.44  -385.28  -320.64  -57.28  -560.00  -460.64  -63.52  -443.20  -223.20  
-238.08  -240.64  135.20  -421.60  -447.36  -313.44  -252.16  -395.52  -384.96  -328.64  -167.20  212.80  
473.28  181.28  596.16  -95.36  -535.84  -915.52  1026.72  -921.44  -1006.88  -14.24  -118.88  708.32  
-50.72  -285.76  316.48  -129.28  -279.68  342.08  -180.16  -390.40  42.40  -86.08  -384.32  4.32  

-21.28  -376.16  -261.28  -116.64  -356.96  -326.08  -59.68  -555.52  -459.20  -64.80  -442.88  -224.48  
-237.12  -241.28  136.80  -421.12  -444.48  -311.36  -254.72  -404.00  -382.40  -325.44  -163.68  214.08  
469.28  188.00  597.44  -94.24  -531.36  -916.80  1028.96  -918.56  -1103.52  -11.68  -110.24  710.24  
-48.16  -282.88  317.60  -126.72  -279.68  338.24  -177.60  -388.16  43.36  -86.40  -384.64  2.88  

-23.68  -376.16  -265.28  -84.00  -384.16  -354.56  -56.16  -561.12  -457.44  -62.88  -445.60  -227.20  
-238.72  -237.44  134.72  -420.32  -446.72  -311.36  -252.16  -402.88  -385.28  -330.88  -167.04  225.60  
472.64  186.56  592.16  -99.36  -534.72  -917.44  1031.84  -925.92  -1086.24  -12.64  -114.08  712.48  
-48.32  -286.40  316.64  -124.00  -281.92  340.16  -175.84  -391.36  40.00  -85.92  -383.84  6.24  

-22.72  -379.68  -258.72  -119.20  -362.08  -332.00  -56.96  -556.96  -459.20  -61.92  -444.48  -223.68  
-235.04  -240.16  140.16  -424.00  -445.28  -308.32  -251.36  -404.48  -383.20  -329.60  -164.96  214.40  
470.40  184.32  593.76  -96.64  -533.60  -914.72  1030.56  -916.96  -1086.24  -8.16  -93.28  711.52  
-49.28  -284.00  318.72  -128.48  -281.28  340.80  -179.52  -390.56  42.56  -87.36  -384.80  8.00  

-23.20  -376.80  -264.80  -85.60  -382.56  -349.92  -62.08  -557.76  -458.24  -63.52  -445.44  -225.60  
-237.12  -243.04  138.24  -421.12  -448.00  -315.68  -253.44  -400.96  -386.08  -330.72  -164.64  223.68  
471.68  187.68  594.40  -99.36  -528.00  -913.92  1029.60  -925.92  -1083.68  -7.20  -115.36  802.40  
-51.68  -280.48  316.16  -125.76  -274.88  341.60  -179.84  -389.60  42.56  -87.20  -383.20  6.24  

-22.72  -374.08  -264.80  -117.44  -356.64  -326.72  -59.52  -561.60  -458.72  -64.96  -443.36  -224.48  
-237.76  -240.16  136.16  -421.92  -444.00  -311.84  -252.48  -399.36  -384.96  -329.60  -166.88  219.04  
472.48  188.48  599.52  -95.52  -529.28  -917.44  1042.08  -906.40  -1075.04  -12.64  -110.88  706.40  
-50.88  -283.68  315.04  -128.16  -276.64  339.68  -177.60  -391.04  41.92  -84.16  -379.52  4.96  

-18.88  -371.52  -266.56  -85.44  -383.52  -325.60  -58.56  -556.80  -456.96  -65.60  -443.20  -224.96  
-234.56  -237.28  128.96  -418.56  -447.68  -311.36  -250.40  -403.36  -383.84  -333.12  -162.56  214.72  
470.72  186.88  600.80  -97.76  -533.44  -912.80  1030.88  -923.04  -1016.16  -6.88  -112.48  711.52  
-50.08  -283.84  316.64  -130.08  -275.84  339.20  -178.40  -390.24  41.12  -85.12  -383.68  2.40  

-20.32  -377.28  -259.04  -117.28  -362.72  -326.72  -55.20  -557.60  -462.24  -62.72  -443.84  -225.44  
-235.52  -240.48  133.44  -421.60  -443.36  -312.00  -251.36  -404.64  -384.32  -328.48  -201.60  219.36  
469.44  183.36  597.92  -98.08  -532.80  -916.48  1028.00  -921.12  -1081.12  -8.48  -115.68  713.12  
-50.88  -284.64  317.44  -125.28  -281.60  339.68  -176.96  -390.72  41.76  -86.40  -384.00  4.32  

-22.56  -373.92  -264.32  -87.68  -386.72  -351.20  -55.52  -561.28  -455.52  -61.28  -441.44  -224.16  
-238.24  -240.48  134.56  -423.68  -446.72  -309.92  -254.08  -404.96  -382.88  -328.64  -165.44  216.96  
471.36  189.28  596.48  -98.88  -531.68  -914.24  1025.44  -924.00  -1086.24  -14.24  -110.56  707.36  
-49.60  -285.28  314.56  -126.56  -277.92  340.16  -176.16  -388.80  37.60  -85.44  -382.08  5.28  

-18.24  -371.04  -261.76  -115.84  -364.16  -335.04  -57.92  -557.44  -460.00  -59.36  -444.32  -225.28  
-238.56  -236.64  132.16  -424.00  -443.84  -312.16  -253.76  -396.64  -384.96  -327.84  -161.92  213.60  
471.52  186.56  598.24  -95.36  -530.72  -914.40  1032.80  -917.92  -1077.60  -14.56  -106.72  799.52  
-53.60  -279.84  315.36  -128.00  -276.32  344.80  -177.76  -386.08  36.96  -85.28  -383.20  4.48  

