8.08  -201.92  182.72  -407.36  -437.28  -366.24  -224.00  -403.68  -340.48  -359.68  -187.04  173.44  
494.08  83.52  432.48  -167.36  -475.68  -723.20  1047.52  -1021.92  -1402.08  -9.44  129.12  1041.44  
-68.80  -326.24  283.36  -118.88  -327.68  315.68  -160.64  -403.04  83.52  -102.88  -391.52  65.28  

-12.96  -334.56  -248.96  -121.76  -357.76  -376.16  -45.28  -535.68  -481.12  -65.12  -449.60  -204.32  
-238.08  -198.72  186.40  -405.60  -438.56  -367.52  -223.52  -403.36  -334.56  -355.04  -190.72  169.12  
496.16  87.52  431.52  -166.72  -476.32  -724.32  1036.96  -1070.24  -1409.76  42.08  132.32  1038.56  
-67.52  -327.20  285.44  -118.72  -321.60  313.76  -157.92  -397.60  83.20  -101.12  -395.20  61.28  

-11.52  -335.68  -241.60  -90.56  -367.36  -390.40  -43.36  -541.44  -472.96  -66.08  -413.76  -209.92  
-239.20  -199.36  184.64  -408.16  -441.76  -368.80  -222.56  -402.72  -335.36  -357.12  -189.60  168.32  
495.68  82.56  430.88  -163.52  -474.88  -724.32  1045.28  -1016.80  -1410.40  -10.40  142.24  1127.20  
-69.60  -325.76  284.80  -120.32  -328.80  311.20  -161.44  -400.16  83.84  -102.40  -390.56  62.56  

-11.20  -336.32  -230.24  -121.44  -344.00  -368.00  -43.84  -538.08  -489.60  -68.16  -409.76  -206.08  
-238.40  -198.88  185.44  -406.40  -437.92  -372.16  -222.08  -402.56  -364.96  -355.68  -190.56  165.28  
495.20  84.48  431.52  -166.08  -473.44  -725.60  1038.24  -1019.36  -1414.24  -11.04  133.28  1043.36  
-68.16  -326.08  284.48  -120.00  -327.04  312.64  -160.64  -400.64  82.24  -99.68  -394.40  63.36  

-10.72  -337.28  -240.32  -89.12  -364.80  -386.24  -44.00  -540.80  -480.80  -65.92  -407.04  -208.80  
-239.52  -194.72  183.04  -404.64  -433.92  -371.36  -220.48  -395.04  -330.56  -354.08  -185.60  164.32  
496.00  89.28  429.12  -166.72  -473.12  -722.24  1040.80  -1010.08  -1410.40  -5.92  138.40  1050.72  
-67.36  -323.20  285.92  -119.68  -323.20  307.68  -159.84  -399.04  80.16  -102.88  -387.52  56.96  

-12.00  -330.72  -237.28  -116.96  -340.80  -366.24  -40.80  -537.12  -484.80  -65.44  -410.72  -208.80  
-238.24  -192.64  182.72  -404.64  -435.52  -369.60  -224.00  -392.32  -339.04  -355.36  -182.88  167.52  
493.44  89.60  428.16  -170.24  -466.24  -724.00  1029.92  -1002.08  -1404.64  -11.36  144.16  1046.24  
-67.36  -320.80  285.92  -120.64  -327.20  309.92  -160.96  -395.84  80.00  -103.04  -384.00  57.76  

-9.76  -334.72  -238.40  -90.08  -365.28  -389.28  -45.60  -539.52  -484.16  -68.48  -404.96  -203.84  
-239.68  -198.08  185.28  -407.68  -437.44  -371.20  -219.04  -400.48  -335.04  -352.80  -186.88  166.88  
494.40  89.44  427.68  -168.32  -469.44  -724.32  1035.36  -1012.64  -1407.84  -7.84  211.36  1046.24  
-66.72  -319.36  285.12  -123.04  -325.76  308.48  -163.68  -396.96  84.00  -99.20  -390.72  58.56  

-11.84  -335.20  -237.28  -119.52  -339.68  -366.88  -43.68  -537.12  -486.40  -69.12  -406.88  -206.40  
-235.52  -197.60  183.04  -403.36  -437.76  -371.84  -220.96  -399.20  -338.88  -354.40  -184.80  168.48  
494.88  88.16  430.24  -170.88  -471.84  -723.04  1039.84  -1012.96  -1416.16  -7.52  142.88  1047.52  
-69.44  -325.44  296.48  -117.76  -324.00  310.24  -160.16  -397.60  84.32  -102.08  -390.56  60.48  

-10.24  -332.64  -238.24  -87.52  -353.92  -374.08  -43.68  -537.44  -481.92  -66.56  -409.28  -201.44  
-234.40  -199.20  180.64  -403.68  -431.20  -369.44  -220.48  -400.48  -341.44  -356.96  -184.96  165.92  
495.36  91.84  428.16  -167.68  -472.64  -723.36  1034.40  -1014.56  -1410.72  -10.72  133.60  1042.72  
-68.32  -322.56  286.56  -118.88  -324.00  308.00  -158.56  -395.52  80.32  -103.68  -388.32  56.48  

-11.36  -332.00  -238.72  -121.76  -344.16  -368.64  -42.72  -536.96  -482.88  -64.64  -409.44  -204.64  
-238.72  -196.96  185.12  -407.68  -432.32  -368.80  -221.92  -403.04  -341.60  -359.52  -184.16  168.16  
494.88  87.20  427.04  -166.40  -471.20  -722.56  1040.80  -1018.40  -1410.40  -8.16  139.36  1053.28  
-65.76  -324.48  285.60  -118.88  -326.40  313.28  -158.08  -396.00  91.84  -100.64  -390.40  60.16  

-11.36  -333.76  -235.20  -87.36  -366.40  -388.96  -43.68  -536.48  -483.36  -68.64  -407.36  -212.64  
-236.96  -196.48  184.32  -406.24  -434.72  -368.32  -219.52  -398.88  -339.84  -355.84  -185.12  167.84  
494.56  89.92  427.68  -168.00  -473.76  -724.32  1036.00  -1017.44  -1416.16  -3.36  140.64  1117.28  
-68.80  -327.36  282.08  -118.88  -324.64  311.36  -160.48  -399.68  83.36  -101.12  -388.96  58.72  

-12.64  -332.00  -238.08  -115.20  -339.68  -372.48  -43.52  -538.08  -484.16  -67.04  -409.44  -207.36  
-237.92  -196.48  185.12  -407.04  -437.60  -371.52  -218.88  -399.36  -339.84  -358.08  -188.96  168.96  
495.04  87.52  429.76  -169.44  -473.12  -723.36  1038.24  -1012.96  -1401.76  -4.32  132.32  1039.20  
-65.12  -325.60  282.40  -117.28  -325.92  311.04  -159.68  -396.16  83.04  -100.96  -391.04  61.28  

