4.00  -282.56  -202.40  -100.96  -356.80  -451.84  -22.88  -523.36  -524.00  -75.52  -369.60  -186.40  
-262.24  -169.60  224.64  -377.92  -439.20  -419.04  -210.88  -404.80  -281.44  -369.60  -224.00  115.36  
469.76  -30.08  281.28  -161.60  -432.96  -533.60  860.32  -1186.40  -1816.48  142.56  396.00  1473.76  
-76.80  -354.88  274.72  -113.28  -363.20  297.92  -148.32  -414.40  114.88  -112.64  -402.40  98.88  

0.96  -281.28  -202.08  -129.60  -338.40  -431.36  -23.04  -522.72  -522.24  -77.44  -372.32  -182.56  
-262.08  -171.20  224.48  -377.44  -437.28  -416.32  -211.68  -405.60  -283.52  -368.96  -220.64  115.36  
467.36  -27.84  276.48  -159.84  -433.44  -535.84  816.16  -1184.48  -1816.80  142.88  395.68  1472.80  
-81.44  -354.88  268.80  -115.04  -363.04  296.00  -148.16  -410.56  114.72  -111.68  -397.28  98.56  

1.92  -280.96  -191.04  -99.36  -356.16  -454.08  -22.40  -523.04  -522.40  -75.04  -371.20  -187.84  
-259.36  -171.36  227.84  -377.44  -436.96  -418.08  -209.76  -403.20  -283.20  -367.84  -223.20  116.32  
468.80  -26.08  280.96  -162.24  -432.96  -535.36  812.64  -1180.32  -1727.20  141.28  387.36  1463.84  
-80.16  -357.76  265.60  -113.92  -361.12  294.08  -149.60  -408.48  108.96  -110.40  -400.64  105.28  

4.80  -276.48  -203.52  -129.28  -328.64  -424.00  -22.24  -519.20  -524.48  -72.48  -368.00  -166.88  
-260.32  -169.92  231.36  -375.84  -433.44  -419.84  -208.48  -403.68  -281.76  -367.20  -220.32  115.20  
469.44  -25.76  278.40  -162.08  -429.76  -533.92  815.84  -1178.40  -1756.00  144.16  392.80  1454.88  
-78.88  -354.56  260.32  -113.60  -361.28  294.24  -151.04  -410.56  112.48  -111.36  -397.92  96.48  

2.88  -279.52  -195.68  -99.84  -350.88  -451.36  -22.56  -519.20  -522.72  -76.48  -365.28  -183.68  
-258.40  -168.16  225.92  -373.28  -427.04  -418.72  -206.08  -401.76  -283.68  -364.16  -222.24  118.56  
469.76  -25.92  281.92  -162.56  -429.28  -533.60  817.12  -1151.52  -1726.56  146.08  399.84  1440.48  
-75.52  -355.36  263.52  -113.92  -361.76  291.52  -150.88  -407.84  113.12  -113.44  -400.64  100.00  

1.12  -281.12  -204.16  -128.32  -337.28  -435.84  -24.00  -521.12  -524.32  -71.68  -366.08  -185.44  
-262.56  -169.12  226.72  -375.84  -436.80  -413.28  -208.80  -405.60  -281.60  -369.44  -222.88  114.08  
472.00  -28.96  280.64  -161.92  -428.16  -538.08  815.84  -1186.40  -1807.84  139.04  397.92  1435.36  
-78.08  -355.36  260.80  -114.88  -361.76  295.84  -147.20  -408.96  112.16  -112.48  -400.80  98.88  

4.32  -279.04  -198.24  -97.76  -354.88  -452.64  -20.00  -519.20  -520.64  -72.80  -366.88  -186.88  
-259.20  -172.16  227.36  -377.28  -434.88  -420.96  -208.64  -400.00  -283.04  -367.68  -224.32  116.64  
465.92  -25.76  279.36  -158.24  -430.72  -534.08  814.88  -1186.72  -1814.88  144.48  388.96  1469.60  
-79.68  -353.60  263.36  -117.28  -360.48  296.16  -148.32  -410.24  109.28  -109.92  -402.24  100.96  

4.64  -280.32  -201.92  -132.80  -331.52  -427.84  -21.76  -521.60  -524.00  -75.20  -364.32  -185.92  
-259.20  -170.72  234.08  -375.52  -438.40  -420.48  -209.44  -403.84  -284.64  -371.20  -217.44  126.88  
470.40  -27.36  282.56  -160.00  -430.08  -532.32  812.00  -1186.72  -1807.20  138.08  386.72  1462.56  
-75.68  -354.08  267.20  -116.16  -361.76  293.44  -150.40  -409.76  111.36  -110.08  -401.44  96.16  

0.64  -281.76  -201.44  -108.16  -348.48  -439.68  -22.24  -522.24  -526.24  -71.84  -367.68  -185.60  
-260.80  -168.48  224.64  -378.88  -434.88  -415.68  -210.08  -406.24  -285.44  -369.44  -227.04  114.24  
467.68  -29.44  284.48  -162.72  -428.96  -538.40  810.72  -1187.04  -1818.40  136.80  398.56  1444.64  
-78.72  -352.80  264.96  -114.24  -364.00  298.24  -149.92  -411.04  112.16  -109.12  -402.40  96.32  

4.00  -282.40  -199.84  -133.92  -329.60  -421.44  -22.88  -521.44  -524.00  -74.08  -364.00  -186.88  
-260.16  -168.16  228.16  -374.88  -431.68  -413.76  -208.96  -403.36  -281.76  -367.52  -222.56  111.52  
470.08  -27.36  287.20  -158.72  -432.96  -535.20  819.04  -1186.40  -1809.12  136.80  393.44  1534.88  
-75.68  -357.28  265.44  -116.80  -360.48  296.48  -149.12  -411.04  111.36  -113.60  -403.04  99.20  

2.88  -281.60  -198.40  -102.24  -353.12  -451.68  -26.24  -523.84  -520.96  -73.92  -366.88  -187.68  
-258.40  -168.48  225.76  -379.52  -434.40  -419.68  -205.92  -404.80  -279.36  -330.08  -212.80  115.36  
469.12  -29.28  282.08  -162.72  -433.44  -537.12  815.20  -1150.24  -1812.96  146.40  394.40  1466.72  
-75.52  -355.52  266.24  -117.92  -361.76  295.04  -146.88  -409.76  112.64  -112.64  -402.24  98.56  

2.40  -282.72  -204.64  -132.16  -332.00  -427.68  -20.00  -522.56  -523.52  -76.80  -370.40  -184.48  
-259.68  -172.00  226.56  -377.28  -435.36  -413.76  -211.04  -402.56  -281.28  -370.08  -223.84  113.92  
469.60  -29.12  280.32  -159.68  -429.76  -536.32  812.32  -1149.60  -1812.64  146.08  388.32  1468.32  
-78.24  -356.16  266.72  -114.08  -362.56  299.20  -147.52  -370.56  116.96  -113.92  -401.12  96.32  

