-59.57 -267.38 -415.68 
-135.84 -505.42 -460.32 
62.13 -644.00 -530.03 
71.42 -405.10 -416.10 
-111.09 -252.78 -327.60 
-223.02 -634.34 -397.41 
-108.11 -395.47 -80.18 
-99.52 -354.78 230.29 
1.90 -244.94 973.66 
-187.39 -296.21 -1.70 
32.78 -839.20 -532.40 
-151.04 -22.42 -632.62 
-26.18 -387.22 454.85 
-204.37 -453.06 499.92 
-101.74 -327.15 252.75 
-193.31 -309.02 264.86 

-81.92 -210.05 -497.68 
-160.85 -547.44 -521.41 
99.79 -662.40 -566.96 
125.10 -370.90 -453.23 
-21.66 -229.14 -209.38 
-156.64 -590.26 -380.22 
-150.93 -364.42 -34.78 
-209.33 -362.35 248.88 
246.16 -288.29 826.30 
-69.97 -270.19 67.94 
-121.63 -824.42 -547.10 
-455.89 74.77 -434.22 
-64.16 -396.98 396.82 
-179.52 -456.02 420.66 
-121.95 -355.12 246.03 
-188.02 -342.72 250.16 

-123.47 -227.92 -452.54 
-191.65 -532.50 -486.03 
78.00 -689.41 -607.87 
106.29 -358.74 -512.86 
143.71 -125.31 -307.06 
-117.86 -658.06 -495.66 
-102.02 -304.82 -21.55 
-230.37 -331.92 452.64 
121.74 -357.10 531.22 
-19.79 -335.98 57.87 
-59.98 -665.28 -377.28 
-252.77 -173.42 -224.91 
-84.69 -395.71 422.67 
-202.96 -463.63 398.85 
-130.96 -344.85 259.04 
-201.42 -351.46 246.69 

-148.78 -245.78 -391.87 
-213.95 -515.41 -442.34 
36.82 -711.82 -642.69 
64.05 -352.22 -566.74 
418.56 93.06 -546.88 
-87.87 -811.25 -670.94 
-32.42 -226.46 -13.46 
-312.61 -283.79 788.26 
90.77 -403.47 346.83 
25.39 -382.93 47.87 
-10.32 -579.57 -249.65 
-131.82 -300.42 -95.33 
-112.02 -393.12 441.90 
-216.11 -468.00 372.11 
-142.00 -336.93 265.33 
-208.96 -361.06 237.04 

-101.39 -278.32 -349.36 
-171.31 -480.53 -408.34 
19.28 -667.25 -579.18 
36.82 -389.90 -482.35 
106.96 27.82 -723.15 
-243.20 -839.41 -657.36 
70.59 -257.04 -98.29 
-54.35 -237.66 935.94 
-12.42 -379.07 315.55 
-31.09 -406.75 -8.58 
54.26 -607.49 -277.01 
-38.86 -312.14 -203.74 
-102.34 -375.39 522.14 
-254.62 -461.01 407.66 
-134.42 -298.19 274.27 
-221.26 -336.88 233.41 

-74.40 -301.46 -312.82 
-145.52 -462.98 -377.78 
-1.34 -640.53 -530.64 
14.50 -419.62 -425.65 
-198.30 -54.05 -744.53 
-381.30 -842.06 -599.71 
147.60 -385.04 -243.34 
354.35 -161.17 810.32 
-97.81 -359.58 255.86 
-61.07 -430.90 -73.63 
113.02 -605.55 -267.14 
43.41 -334.19 -224.56 
-72.54 -349.55 644.98 
-307.90 -452.56 465.42 
-115.86 -244.18 274.74 
-230.64 -303.01 228.21 

-60.82 -299.60 -335.54 
-131.63 -469.65 -395.94 
21.82 -633.71 -514.03 
33.79 -422.96 -405.89 
-181.89 -193.97 -508.93 
-313.63 -716.43 -482.67 
10.59 -407.57 -183.79 
141.18 -268.74 372.88 
-208.59 -283.84 455.34 
-157.54 -415.66 -103.33 
128.86 -683.22 -362.08 
53.28 -253.60 -379.07 
-11.17 -356.02 599.57 
-290.80 -447.44 537.57 
-93.06 -262.48 265.81 
-219.94 -280.34 244.53 

-37.25 -293.82 -356.69 
-112.56 -471.76 -412.10 
39.22 -622.64 -495.01 
47.89 -424.45 -378.72 
-188.18 -273.60 -355.06 
-274.03 -635.36 -385.78 
-86.27 -415.01 -136.29 
-1.62 -337.38 191.22 
-384.48 -152.61 805.23 
-304.43 -412.45 -157.34 
178.11 -824.05 -472.90 
138.62 -109.65 -641.60 
24.62 -362.40 541.10 
-257.74 -438.16 597.06 
-82.21 -279.66 254.35 
-209.33 -258.66 261.38 

