-16.62 -256.96 -429.06 
-86.46 -510.50 -473.97 
73.68 -622.72 -497.06 
75.57 -403.44 -367.04 
-162.18 -306.98 -226.22 
-222.22 -580.45 -310.22 
-162.18 -414.40 -71.50 
-151.63 -383.63 113.01 
167.62 -101.66 1712.24 
-340.34 -241.57 -23.18 
-93.34 -1121.70 -707.81 
-85.33 400.29 -1216.99 
-14.72 -386.67 408.88 
-167.33 -441.39 517.65 
-98.46 -340.16 236.59 
-177.70 -297.60 264.78 

-27.30 -241.89 -480.38 
-107.30 -534.06 -503.95 
88.70 -635.70 -507.10 
108.51 -398.14 -390.98 
-132.66 -306.66 -211.66 
-197.89 -573.02 -305.42 
-169.95 -406.14 -44.94 
-176.53 -393.26 132.14 
350.99 -212.37 1497.39 
-216.24 -189.71 73.86 
-80.66 -1107.78 -702.88 
-411.07 412.50 -1175.65 
-32.80 -398.83 393.87 
-162.90 -453.23 479.36 
-104.67 -354.08 243.06 
-176.99 -317.38 269.04 

-47.42 -214.43 -528.18 
-121.10 -567.50 -539.01 
106.22 -650.62 -532.35 
121.79 -378.54 -416.77 
-98.48 -290.21 -191.94 
-173.20 -570.90 -312.32 
-175.98 -395.95 -30.38 
-206.90 -391.95 154.67 
435.09 -270.16 1194.26 
-100.62 -188.91 107.97 
-193.36 -1005.81 -663.97 
-703.57 338.98 -798.03 
-49.65 -403.10 379.60 
-160.34 -457.42 442.90 
-113.20 -361.65 243.82 
-177.89 -335.70 265.06 

-69.15 -180.98 -563.60 
-146.08 -586.48 -574.56 
125.26 -664.13 -560.14 
151.57 -355.70 -442.69 
-46.64 -262.85 -135.18 
-145.70 -552.99 -323.20 
-184.48 -375.18 -19.90 
-243.63 -384.24 195.26 
385.60 -291.28 885.34 
-43.06 -237.17 102.18 
-233.46 -898.27 -602.56 
-727.09 246.69 -423.66 
-70.35 -404.98 370.54 
-164.16 -459.97 406.08 
-124.74 -368.27 245.39 
-182.91 -352.35 252.94 

-108.06 -157.65 -588.90 
-178.40 -603.76 -584.91 
138.42 -686.19 -593.58 
175.94 -334.85 -479.41 
19.14 -231.76 -91.28 
-111.36 -550.21 -343.14 
-187.89 -353.23 -6.82 
-278.05 -376.99 241.22 
323.62 -329.82 686.14 
3.95 -277.01 102.05 
-229.60 -774.02 -499.15 
-623.82 86.59 -167.12 
-84.14 -407.68 346.08 
-169.10 -464.77 380.46 
-132.67 -370.80 241.36 
-186.80 -364.22 246.13 

-156.02 -153.60 -583.89 
-217.84 -612.06 -571.36 
139.49 -716.74 -635.81 
191.36 -315.60 -546.43 
110.90 -188.10 -66.35 
-69.81 -561.98 -379.89 
-182.69 -329.41 4.61 
-310.16 -370.06 300.27 
269.71 -367.04 550.56 
36.21 -309.20 101.52 
-192.43 -666.86 -387.66 
-482.18 -70.94 -25.18 
-93.84 -408.46 370.35 
-174.88 -468.19 366.77 
-137.68 -372.70 250.45 
-191.81 -370.66 243.41 

-188.67 -165.86 -542.16 
-245.47 -606.05 -554.75 
127.70 -748.26 -677.94 
181.14 -302.02 -605.31 
224.42 -120.83 -56.22 
-36.99 -599.23 -444.83 
-172.62 -313.55 8.80 
-345.86 -357.82 367.84 
232.94 -391.92 455.15 
59.86 -342.70 87.54 
-135.42 -603.78 -312.67 
-347.58 -169.28 44.27 
-103.55 -413.98 375.23 
-181.12 -477.34 359.50 
-142.74 -379.39 252.05 
-195.68 -382.80 238.85 

-199.04 -190.45 -499.31 
-242.43 -583.26 -520.77 
99.54 -759.36 -690.77 
162.46 -304.77 -643.74 
413.76 -43.89 -55.09 
16.75 -630.29 -508.98 
-156.13 -259.87 25.65 
-404.18 -345.14 499.58 
171.49 -409.86 378.70 
57.92 -370.43 77.92 
-91.06 -579.42 -260.03 
-245.12 -249.58 -6.48 
-114.37 -410.13 385.90 
-190.35 -475.46 349.94 
-148.06 -368.24 257.36 
-202.19 -380.91 238.91 

-190.77 -214.35 -438.70 
-245.90 -562.80 -491.33 
63.62 -761.68 -700.53 
116.05 -308.11 -648.86 
607.30 90.22 -155.09 
31.28 -721.12 -623.55 
-115.23 -223.25 18.61 
-455.65 -315.94 651.09 
141.58 -419.74 322.21 
57.54 -390.82 63.15 
-44.51 -561.09 -227.36 
-165.18 -295.90 -11.17 
-122.93 -408.74 398.43 
-197.70 -476.83 345.65 
-152.26 -365.41 260.32 
-205.17 -382.67 234.14 

-175.36 -240.53 -388.90 
-237.15 -534.00 -446.64 
28.03 -749.65 -685.31 
66.72 -329.82 -634.21 
766.90 245.79 -465.58 
11.42 -859.74 -736.34 
-59.90 -181.07 13.38 
-490.32 -290.14 872.69 
112.80 -427.70 290.88 
55.73 -403.78 52.88 
-10.03 -548.74 -199.38 
-112.34 -335.07 -26.78 
-129.95 -404.19 418.98 
-209.86 -475.63 346.38 
-151.89 -352.96 263.87 
-210.05 -378.77 231.54 

-152.24 -270.38 -359.84 
-207.49 -523.81 -425.26 
5.42 -732.26 -657.10 
37.95 -354.94 -595.49 
790.34 361.55 -799.79 
-62.66 -975.79 -816.75 
9.25 -139.58 -5.42 
-537.44 -260.85 1189.84 
78.90 -436.53 243.89 
44.99 -426.72 32.75 
22.21 -559.94 -193.22 
-62.42 -364.48 -66.19 
-143.12 -403.57 452.02 
-223.52 -480.21 350.21 
-159.49 -343.57 272.11 
-216.50 -380.27 230.19 

-131.68 -277.82 -331.23 
-196.18 -494.14 -395.97 
-11.31 -700.48 -627.86 
13.79 -374.50 -549.04 
534.56 451.73 -1175.74 
-197.15 -1084.80 -864.16 
120.67 -140.03 -56.58 
-423.46 -200.08 1509.50 
53.86 -426.80 224.82 
35.66 -422.88 18.72 
45.23 -547.25 -188.06 
-34.42 -368.94 -75.12 
-143.33 -386.32 482.18 
-237.57 -469.30 352.02 
-155.86 -316.69 270.58 
-218.90 -368.03 223.22 

-111.07 -292.16 -310.93 
-179.42 -483.74 -384.83 
-17.18 -679.52 -594.16 
-2.62 -395.22 -508.66 
170.53 402.98 -1302.13 
-330.34 -1117.14 -839.92 
221.94 -184.34 -127.97 
-171.98 -147.58 1776.16 
27.09 -423.58 204.91 
23.89 -430.53 -0.99 
67.63 -550.21 -187.14 
-5.54 -375.90 -94.34 
-147.02 -376.05 532.11 
-256.35 -466.88 365.98 
-152.75 -295.87 274.66 
-223.74 -354.70 220.83 

-94.67 -301.60 -301.30 
-159.14 -472.82 -377.23 
-16.99 -659.38 -563.65 
-3.87 -401.14 -466.11 
-94.96 257.14 -1184.21 
-417.47 -1061.04 -771.07 
283.20 -257.65 -213.62 
197.20 -103.76 1828.80 
-6.53 -412.94 182.58 
5.62 -439.68 -30.32 
89.49 -561.07 -198.83 
23.89 -379.50 -124.08 
-147.26 -364.54 590.40 
-280.61 -463.14 383.92 
-149.15 -269.38 278.34 
-229.65 -340.88 216.53 

-80.30 -309.06 -294.93 
-145.36 -467.04 -368.93 
-13.42 -645.38 -537.42 
-3.78 -423.49 -439.44 
-260.45 105.06 -997.57 
-461.73 -980.00 -685.33 
286.53 -367.31 -300.90 
560.29 -63.42 1510.08 
-44.14 -399.06 170.78 
-14.06 -448.21 -58.26 
109.66 -570.67 -210.80 
49.04 -377.14 -151.42 
-130.80 -351.79 659.41 
-307.81 -459.14 411.63 
-138.24 -240.91 280.19 
-235.60 -324.38 216.02 

-69.36 -313.71 -291.23 
-136.32 -456.40 -360.34 
-9.94 -633.97 -520.22 
-4.26 -432.38 -411.58 
-330.48 -23.70 -819.33 
-465.28 -893.89 -607.26 
232.51 -456.58 -353.10 
699.09 -58.93 986.45 
-88.22 -377.87 166.32 
-38.54 -452.53 -89.65 
130.53 -582.05 -223.22 
70.93 -368.13 -182.66 
-95.17 -337.90 728.03 
-337.52 -451.20 455.66 
-120.14 -212.26 277.22 
-238.86 -299.06 216.78 

-58.45 -316.70 -291.26 
-120.64 -456.88 -364.27 
-3.95 -625.10 -504.85 
3.71 -438.08 -396.83 
-334.42 -123.02 -668.61 
-439.55 -811.82 -535.33 
151.07 -494.58 -362.26 
613.52 -105.02 567.55 
-149.47 -346.03 160.91 
-71.66 -464.78 -136.53 
153.15 -603.86 -251.38 
99.79 -355.97 -225.62 
-45.22 -325.89 780.86 
-366.82 -446.37 511.38 
-102.88 -191.58 273.76 
-241.86 -274.90 217.79 

-51.52 -318.67 -294.59 
-122.48 -455.47 -362.59 
1.01 -621.12 -492.85 
8.86 -440.64 -380.90 
-323.98 -194.11 -562.14 
-407.57 -750.75 -477.04 
71.78 -505.68 -333.94 
449.33 -173.97 290.42 
-232.56 -307.06 179.50 
-118.24 -475.46 -174.42 
173.78 -629.22 -273.87 
126.88 -335.49 -275.76 
17.17 -320.96 800.18 
-385.81 -440.61 582.66 
-79.82 -185.30 267.20 
-241.98 -247.79 224.85 

-43.28 -318.40 -301.90 
-113.97 -455.49 -367.04 
8.56 -615.90 -484.11 
16.18 -443.58 -371.74 
-299.68 -237.89 -474.24 
-374.21 -702.27 -433.86 
4.42 -494.10 -296.42 
282.06 -231.14 162.45 
-338.51 -241.50 232.06 
-176.45 -489.01 -226.72 
199.97 -663.12 -312.11 
160.58 -298.00 -338.90 
66.26 -320.29 760.32 
-379.94 -432.45 645.81 
-65.89 -195.02 254.85 
-234.27 -226.82 230.66 

-37.42 -316.38 -311.22 
-104.72 -457.82 -373.94 
16.18 -619.76 -478.51 
19.01 -446.29 -368.50 
-283.18 -271.41 -415.86 
-345.79 -669.26 -397.10 
-45.68 -483.87 -243.55 
156.02 -284.78 91.10 
-472.10 -173.18 365.33 
-249.97 -493.84 -262.96 
221.36 -708.11 -354.03 
193.55 -250.03 -425.25 
93.74 -330.58 692.45 
-351.46 -430.06 701.15 
-57.18 -216.38 248.67 
-222.77 -210.66 245.94 

-30.54 -311.07 -324.67 
-101.34 -464.27 -388.18 
24.16 -614.27 -475.10 
29.74 -442.96 -364.03 
-257.44 -293.02 -364.18 
-314.94 -641.70 -367.52 
-81.65 -462.83 -193.78 
57.47 -322.34 83.58 
-607.17 -92.94 594.26 
-336.11 -496.08 -282.00 
242.42 -775.94 -412.16 
237.92 -176.74 -550.99 
90.64 -343.94 615.86 
-305.41 -426.61 710.03 
-57.14 -245.79 235.81 
-209.23 -212.43 258.08 

-26.82 -306.22 -341.02 
-91.66 -474.64 -407.17 
35.30 -618.19 -475.20 
38.78 -446.70 -362.16 
-235.09 -307.60 -322.69 
-291.34 -623.38 -346.05 
-110.77 -450.66 -154.50 
-14.83 -351.20 77.14 
-656.40 -31.78 994.05 
-411.28 -463.39 -261.47 
250.86 -860.26 -478.19 
264.72 -77.44 -707.70 
68.42 -358.75 545.12 
-252.46 -430.08 688.18 
-66.03 -276.32 240.75 
-195.58 -227.02 269.12 

-20.21 -293.68 -363.47 
-93.23 -475.49 -420.38 
46.08 -614.94 -478.16 
55.04 -435.28 -365.84 
-209.94 -312.93 -287.57 
-266.45 -603.50 -332.03 
-130.67 -434.18 -117.63 
-68.40 -371.38 88.24 
-537.02 -16.10 1437.78 
-453.54 -396.59 -194.24 
231.30 -956.75 -557.50 
258.13 63.58 -908.02 
41.74 -399.38 487.66 
-212.24 -430.42 637.33 
-74.85 -299.14 239.04 
-185.36 -245.50 273.52 

-21.17 -289.46 -397.62 
-90.42 -499.36 -447.38 
56.56 -625.02 -486.11 
65.52 -435.60 -374.51 
-197.33 -321.22 -269.31 
-249.57 -601.98 -319.84 
-149.97 -436.34 -91.36 
-110.03 -384.03 86.46 
-177.02 -89.95 1810.61 
-410.78 -288.91 -84.37 
158.94 -1049.17 -629.46 
129.57 205.30 -1107.44 
15.60 -387.23 443.10 
-179.06 -443.02 586.13 
-83.94 -327.15 242.21 
-176.38 -273.50 278.14 

