23.17 -263.28 -431.20 
-53.49 -506.58 -471.06 
74.74 -610.82 -458.30 
79.01 -434.75 -341.58 
-205.10 -352.26 -181.54 
-227.76 -556.03 -250.48 
-199.17 -438.32 -58.50 
-185.41 -413.98 33.66 
865.25 -77.57 3226.53 
-516.18 -131.87 16.38 
131.52 -1545.17 -809.22 
360.93 1186.98 -2337.26 
-6.98 -399.36 372.16 
-122.67 -440.43 534.64 
-95.86 -356.82 230.86 
-157.01 -291.33 276.24 

25.36 -229.18 -509.14 
-56.34 -542.42 -523.15 
97.70 -621.70 -477.18 
108.77 -414.29 -362.86 
-181.87 -344.40 -155.06 
-208.80 -547.14 -242.98 
-209.86 -428.24 -38.40 
-212.96 -415.57 59.41 
1113.34 -193.70 2170.30 
-244.50 -56.94 119.44 
-193.01 -1568.53 -883.70 
-783.09 1470.90 -2326.19 
-36.35 -405.92 352.22 
-125.33 -452.14 466.70 
-107.62 -371.58 233.33 
-160.62 -324.70 269.97 

13.71 -179.74 -602.61 
-76.67 -589.57 -581.39 
127.71 -637.94 -500.48 
155.57 -395.70 -384.13 
-149.71 -333.38 -116.98 
-182.86 -534.82 -238.98 
-219.62 -416.43 -20.80 
-242.10 -417.01 85.65 
904.46 -262.37 1377.14 
-58.94 -99.82 153.12 
-446.78 -1345.87 -819.58 
-1708.00 1180.24 -1163.98 
-60.10 -413.89 341.17 
-134.74 -460.64 417.20 
-119.39 -383.07 235.73 
-168.45 -348.61 262.66 

-36.67 -122.00 -713.41 
-121.10 -652.16 -637.15 
163.76 -669.73 -539.36 
204.46 -360.90 -431.17 
-108.16 -314.70 -74.38 
-150.43 -527.09 -243.34 
-226.13 -404.85 -3.86 
-270.75 -416.16 115.49 
677.15 -328.21 907.97 
55.89 -176.13 156.19 
-511.70 -988.85 -635.30 
-1582.14 582.16 102.10 
-76.48 -419.07 339.01 
-141.81 -469.47 384.91 
-127.62 -393.10 238.48 
-174.16 -369.65 256.48 

-123.82 -64.83 -786.67 
-189.82 -698.98 -675.57 
194.80 -708.69 -592.03 
263.73 -312.58 -508.24 
-44.10 -280.72 -10.83 
-108.11 -511.18 -255.95 
-229.82 -381.50 8.40 
-302.85 -406.38 154.56 
492.40 -370.53 639.95 
101.44 -246.54 143.57 
-420.86 -716.70 -442.59 
-1007.60 172.90 473.71 
-90.38 -417.92 331.86 
-150.10 -471.36 357.38 
-135.20 -393.38 240.88 
-179.98 -378.19 247.25 

-227.60 -37.23 -784.30 
-259.17 -714.67 -669.73 
214.48 -763.26 -663.65 
311.47 -256.69 -615.14 
47.95 -235.02 97.04 
-51.65 -495.74 -275.58 
-235.31 -350.13 22.72 
-351.84 -397.12 211.15 
357.17 -396.94 472.93 
114.45 -309.33 126.51 
-291.94 -585.02 -297.17 
-585.42 -65.52 399.94 
-104.18 -420.16 333.68 
-158.62 -473.17 339.60 
-143.06 -392.91 243.73 
-185.62 -386.64 242.53 

-299.87 -59.92 -685.09 
-314.35 -692.53 -621.42 
195.79 -825.73 -742.24 
322.11 -216.21 -755.94 
203.04 -160.85 231.81 
24.72 -490.75 -329.71 
-233.26 -313.52 33.25 
-411.06 -382.35 286.30 
273.65 -419.65 370.16 
117.60 -352.45 107.26 
-179.52 -520.80 -206.26 
-345.49 -208.78 281.65 
-114.83 -419.52 342.02 
-166.46 -476.94 324.42 
-149.06 -391.17 250.48 
-192.03 -392.77 236.88 

-301.63 -114.58 -552.18 
-326.35 -633.98 -546.18 
138.74 -860.86 -795.66 
252.83 -195.60 -851.04 
476.88 -36.26 413.23 
120.53 -526.06 -430.67 
-222.03 -263.12 41.12 
-500.00 -359.66 396.11 
209.74 -432.18 299.34 
109.04 -382.42 88.83 
-98.99 -504.69 -164.86 
-209.38 -290.54 173.42 
-126.27 -416.48 348.96 
-176.40 -476.29 319.42 
-156.19 -386.22 250.70 
-197.10 -395.20 230.90 

-265.12 -169.81 -429.68 
-308.94 -569.46 -478.34 
56.53 -857.71 -811.79 
132.37 -212.03 -865.04 
954.38 218.10 482.51 
214.00 -668.37 -616.19 
-183.68 -207.57 35.87 
-603.90 -320.45 557.09 
173.70 -440.40 249.60 
104.42 -404.38 70.86 
-37.15 -494.21 -139.22 
-121.94 -339.92 117.36 
-136.00 -413.49 360.08 
-184.30 -477.44 313.66 
-159.28 -380.34 249.65 
-200.58 -395.30 226.50 

-215.86 -221.60 -353.23 
-270.69 -526.99 -420.30 
-13.52 -818.18 -773.02 
34.13 -267.38 -793.09 
1675.46 638.11 113.22 
245.81 -946.56 -836.54 
-113.60 -132.42 32.75 
-763.89 -274.88 846.03 
141.89 -446.32 217.41 
98.24 -418.29 56.40 
4.02 -495.86 -121.26 
-69.70 -376.16 71.65 
-146.27 -408.43 379.28 
-194.32 -477.10 312.06 
-163.57 -368.22 254.22 
-205.30 -393.36 222.94 

-173.86 -260.96 -320.06 
-229.71 -497.54 -388.18 
-44.03 -766.45 -708.22 
-17.58 -324.48 -694.45 
2090.03 1132.43 -981.15 
125.66 -1256.59 -1011.55 
-9.42 -33.31 14.75 
-1027.73 -235.17 1377.60 
105.20 -450.85 180.54 
79.28 -433.18 39.06 
34.66 -509.28 -123.97 
-30.16 -400.62 15.06 
-162.19 -401.78 410.05 
-210.64 -477.02 311.62 
-171.90 -351.18 260.90 
-211.52 -388.74 218.37 

-136.91 -290.05 -291.41 
-199.15 -480.66 -365.01 
-57.23 -721.68 -646.72 
-40.08 -372.77 -592.24 
1277.92 1448.14 -2233.31 
-185.58 -1527.82 -1068.19 
179.79 1.44 -46.29 
-1205.82 -177.39 2247.82 
81.28 -453.76 158.50 
72.45 -446.67 21.22 
60.40 -519.26 -125.47 
1.58 -417.38 -15.14 
-178.50 -395.52 455.42 
-228.30 -476.75 317.18 
-175.66 -331.71 268.43 
-219.28 -384.10 214.62 

-110.30 -312.94 -281.25 
-172.93 -473.28 -356.56 
-53.20 -689.26 -595.98 
-42.43 -408.32 -514.30 
74.96 1147.42 -2284.61 
-488.43 -1534.30 -981.70 
402.30 -68.26 -170.18 
-974.54 -129.60 3462.67 
54.98 -454.90 133.01 
60.34 -461.30 -2.67 
86.27 -533.50 -132.62 
31.12 -429.79 -45.62 
-198.21 -386.69 519.82 
-252.75 -478.86 328.69 
-178.13 -306.00 275.74 
-227.01 -379.04 211.65 

-90.35 -325.28 -269.23 
-155.31 -463.86 -342.30 
-47.23 -665.50 -554.53 
-39.89 -428.72 -461.58 
-555.12 644.58 -1724.94 
-651.41 -1367.71 -822.53 
564.38 -309.39 -341.26 
328.75 -0.85 4003.73 
28.24 -449.30 111.42 
46.10 -468.99 -27.23 
104.77 -540.88 -138.90 
52.06 -434.94 -67.09 
-209.98 -370.45 614.50 
-284.34 -475.54 346.50 
-174.08 -265.87 278.82 
-234.16 -363.49 208.56 

-71.87 -324.91 -262.62 
-135.87 -451.54 -340.03 
-35.86 -637.44 -518.91 
-26.70 -436.13 -415.70 
-616.45 241.87 -1179.55 
-653.60 -1122.83 -677.65 
533.44 -553.89 -525.87 
1640.74 199.17 2931.14 
-12.00 -426.03 81.42 
21.86 -472.26 -65.98 
119.81 -546.50 -154.80 
76.77 -423.71 -99.47 
-213.49 -339.92 735.30 
-326.83 -461.15 367.79 
-164.19 -207.38 273.97 
-242.08 -334.37 191.54 

-59.68 -323.81 -258.96 
-125.79 -447.42 -333.68 
-25.55 -623.38 -495.41 
-20.24 -440.99 -387.78 
-568.45 -1.33 -839.12 
-601.74 -945.94 -566.54 
351.62 -715.55 -612.99 
1727.36 262.74 1133.73 
-55.84 -403.26 57.30 
-0.74 -480.06 -107.57 
145.66 -556.06 -172.21 
99.84 -416.67 -128.21 
-171.97 -311.10 896.34 
-383.36 -455.68 418.48 
-137.71 -150.51 267.47 
-250.38 -300.48 185.41 

-48.62 -332.42 -266.59 
-118.50 -445.23 -340.93 
-17.20 -616.72 -480.78 
-10.67 -455.22 -369.26 
-475.30 -144.86 -626.32 
-526.37 -814.93 -484.90 
155.73 -698.72 -584.59 
1121.82 103.97 282.22 
-110.51 -365.74 11.39 
-26.94 -506.48 -173.62 
177.02 -577.09 -194.98 
137.46 -404.58 -167.62 
-79.98 -283.92 1041.25 
-445.70 -440.11 498.08 
-108.85 -109.50 256.43 
-256.29 -267.26 176.72 

-43.55 -332.10 -270.67 
-103.62 -446.74 -340.69 
-8.56 -609.39 -468.37 
-5.42 -452.64 -355.62 
-419.63 -233.89 -501.17 
-459.44 -732.10 -420.08 
28.98 -640.42 -486.54 
626.90 -79.47 -50.22 
-203.98 -311.63 -32.66 
-71.09 -537.89 -245.20 
207.68 -599.38 -219.97 
175.94 -382.13 -213.84 
73.20 -272.75 1111.42 
-517.84 -432.29 629.39 
-64.37 -83.15 244.69 
-262.22 -215.57 180.69 

-31.52 -330.70 -274.62 
-92.78 -448.10 -351.33 
-0.13 -604.21 -458.56 
3.23 -457.04 -345.52 
-365.58 -280.05 -416.58 
-406.94 -675.55 -377.09 
-54.30 -579.87 -386.45 
308.32 -199.74 -91.10 
-348.03 -209.78 -59.54 
-135.10 -575.30 -343.34 
244.78 -633.94 -256.42 
223.87 -346.22 -275.60 
200.54 -270.94 1009.01 
-531.62 -415.02 787.10 
-37.41 -109.87 219.87 
-250.70 -165.36 187.65 

-24.24 -336.24 -283.41 
-91.30 -444.21 -355.09 
5.60 -601.79 -453.66 
11.26 -451.12 -339.66 
-336.43 -310.06 -355.54 
-369.68 -644.08 -343.01 
-106.50 -538.03 -304.62 
120.75 -276.66 -99.63 
-603.98 -56.83 9.82 
-238.82 -620.11 -443.78 
285.22 -682.82 -301.30 
281.34 -288.46 -356.91 
248.16 -287.38 817.33 
-464.18 -404.13 931.42 
-24.22 -162.35 202.77 
-223.23 -128.27 212.48 

-16.34 -324.37 -295.78 
-85.23 -453.07 -368.08 
16.69 -600.66 -452.11 
15.50 -450.37 -331.36 
-305.18 -331.02 -307.86 
-332.72 -615.97 -314.58 
-135.94 -503.31 -226.78 
11.95 -333.50 -66.03 
-1020.18 162.19 248.27 
-398.42 -688.77 -536.08 
337.68 -765.49 -359.39 
380.50 -198.74 -497.52 
211.74 -317.02 651.74 
-344.40 -400.19 961.04 
-29.36 -214.82 204.54 
-197.20 -125.30 241.28 

-8.11 -317.34 -318.27 
-76.83 -462.21 -382.34 
26.50 -601.86 -449.63 
27.78 -446.91 -333.46 
-281.14 -346.69 -273.94 
-301.70 -598.91 -294.08 
-155.86 -480.78 -166.05 
-58.48 -373.70 -36.58 
-1537.38 353.39 1097.01 
-610.70 -693.84 -521.79 
379.76 -897.73 -437.49 
512.58 -53.46 -724.53 
148.46 -347.94 533.07 
-226.91 -408.91 889.22 
-40.78 -266.40 213.60 
-173.79 -152.70 270.82 

5.01 -306.29 -342.78 
-68.34 -475.79 -412.99 
39.90 -601.31 -447.17 
44.27 -445.66 -326.54 
-251.82 -352.94 -239.09 
-274.37 -578.98 -273.86 
-172.88 -457.52 -117.42 
-112.00 -389.38 1.36 
-1482.18 391.31 2607.76 
-777.46 -594.29 -395.14 
405.63 -1095.84 -540.90 
694.96 219.20 -1097.44 
82.05 -368.62 457.07 
-162.08 -414.30 756.70 
-60.74 -302.46 222.82 
-158.14 -199.42 282.26 

12.37 -295.76 -381.94 
-64.54 -494.32 -440.67 
53.46 -609.97 -456.02 
60.75 -441.50 -336.26 
-234.70 -360.03 -215.73 
-256.16 -574.90 -261.36 
-189.14 -457.25 -85.97 
-151.84 -406.42 13.60 
-212.22 107.50 3795.15 
-732.69 -330.82 -176.90 
334.00 -1328.93 -676.90 
710.38 623.31 -1664.67 
31.17 -390.51 403.57 
-125.86 -433.42 636.05 
-79.38 -340.22 228.46 
-152.70 -255.38 284.69 

