57.71 -270.30 -417.31 
-23.92 -516.43 -469.63 
68.75 -599.65 -435.31 
76.10 -428.64 -310.13 
-240.64 -376.21 -158.34 
-240.93 -547.31 -210.74 
-225.95 -458.64 -57.98 
-209.34 -426.58 -11.33 
3524.48 -357.23 -5242.88 
-700.05 11.18 36.54 
251.34 -2084.72 -754.43 
1853.46 2913.62 -3953.60 
-10.26 -406.10 330.03 
-71.89 -437.82 524.34 
-97.02 -373.12 214.53 
-134.53 -293.82 274.40 

84.91 -227.12 -518.03 
-12.32 -566.26 -540.77 
97.41 -609.97 -445.82 
105.02 -415.01 -315.86 
-219.15 -373.25 -125.52 
-222.00 -536.88 -196.67 
-238.35 -453.87 -34.80 
-238.40 -430.35 13.66 
2428.22 -259.81 2561.92 
-222.35 90.03 156.56 
-388.40 -2267.30 -907.74 
-455.79 4639.30 -5208.90 
-44.14 -416.88 322.67 
-94.98 -455.22 443.86 
-111.54 -391.12 224.51 
-147.42 -337.33 267.33 

101.87 -143.76 -674.14 
-14.37 -641.62 -633.55 
137.52 -623.92 -463.81 
153.42 -384.18 -333.18 
-194.80 -360.72 -83.09 
-197.06 -518.27 -187.36 
-246.83 -435.22 -17.44 
-262.88 -428.45 37.10 
1418.50 -283.18 1279.04 
36.43 -17.87 172.37 
-890.05 -1758.18 -850.78 
-3621.66 388.38 -396.46 
-66.99 -420.11 313.57 
-113.74 -462.11 391.41 
-123.18 -398.83 228.18 
-158.78 -362.53 257.20 

71.90 -20.29 -890.43 
-60.96 -744.54 -739.18 
192.75 -652.51 -495.73 
227.04 -337.50 -357.65 
-166.86 -343.86 -22.05 
-169.36 -496.51 -178.78 
-257.58 -419.12 -3.18 
-294.11 -423.06 64.66 
852.06 -334.75 756.24 
138.19 -153.71 155.62 
-857.84 -1047.95 -591.07 
-2693.82 1024.03 2122.30 
-86.21 -422.24 309.33 
-128.00 -469.33 356.10 
-132.64 -403.52 229.98 
-168.99 -380.22 253.30 

-95.70 109.71 -1108.38 
-185.76 -875.25 -824.67 
259.58 -720.86 -566.34 
338.86 -273.39 -450.98 
-121.78 -322.99 53.70 
-131.84 -482.56 -180.35 
-266.35 -406.99 11.41 
-326.16 -423.12 93.92 
567.33 -388.94 511.55 
176.05 -258.21 140.18 
-560.70 -592.00 -321.68 
-1028.22 195.50 1604.05 
-98.38 -430.69 308.70 
-138.54 -480.43 334.80 
-141.92 -411.57 234.69 
-175.15 -398.24 244.11 

-354.64 184.18 -1112.43 
-352.94 -917.94 -808.54 
315.86 -822.94 -673.84 
472.54 -159.26 -625.79 
-55.01 -276.14 185.46 
-71.06 -449.66 -189.79 
-269.79 -379.36 22.83 
-366.35 -410.50 134.14 
399.73 -418.30 374.58 
175.07 -324.19 121.66 
-312.67 -445.30 -167.15 
-438.06 -110.96 917.62 
-110.70 -427.52 311.90 
-146.43 -479.92 314.75 
-147.34 -409.57 235.84 
-181.55 -402.43 235.73 

-496.48 124.29 -859.18 
-454.21 -850.91 -707.46 
305.68 -948.90 -818.66 
537.57 -40.50 -900.54 
50.80 -200.80 426.99 
16.91 -415.17 -222.19 
-275.14 -341.98 30.26 
-430.91 -394.58 191.94 
295.55 -431.25 290.02 
161.14 -371.39 102.64 
-161.17 -429.68 -100.88 
-218.66 -253.57 518.51 
-122.30 -425.30 312.54 
-155.39 -480.99 304.98 
-154.10 -407.50 238.54 
-187.44 -407.44 230.64 

-454.86 -15.94 -578.03 
-448.88 -721.10 -563.73 
187.66 -1034.16 -929.26 
410.51 14.50 -1146.35 
290.56 -75.01 883.79 
163.89 -400.64 -308.35 
-275.44 -286.62 38.64 
-535.09 -372.48 283.26 
226.96 -444.56 237.31 
146.40 -402.67 87.31 
-69.55 -445.44 -76.42 
-122.19 -339.17 296.54 
-132.86 -424.05 319.87 
-165.18 -481.15 296.45 
-160.74 -402.06 233.98 
-193.15 -408.82 225.06 

-342.56 -132.14 -404.29 
-385.01 -614.21 -463.98 
34.91 -1015.15 -944.85 
157.31 -45.58 -1149.01 
892.30 174.19 1746.67 
371.94 -488.14 -499.92 
-260.05 -208.83 38.37 
-707.01 -339.57 419.12 
180.40 -455.68 194.93 
131.12 -425.92 67.89 
-13.46 -465.66 -72.61 
-63.15 -385.66 169.98 
-145.82 -421.94 330.66 
-174.83 -481.60 285.76 
-169.74 -396.90 245.14 
-197.41 -414.74 220.42 

-249.70 -222.13 -313.17 
-306.77 -541.92 -393.73 
-82.46 -921.81 -853.14 
-41.31 -181.25 -960.14 
2860.90 829.38 2521.31 
583.38 -895.10 -808.72 
-208.34 -99.50 40.19 
-1002.69 -297.78 702.54 
148.48 -461.66 167.12 
121.46 -442.27 57.28 
25.15 -477.89 -67.42 
-24.45 -421.95 106.54 
-160.26 -418.66 349.25 
-185.39 -483.92 288.94 
-174.80 -385.95 250.34 
-203.22 -412.82 216.70 

-180.58 -269.94 -273.25 
-248.80 -491.89 -353.74 
-114.61 -811.09 -740.02 
-97.98 -289.22 -745.04 
-5238.80 159.50 -44.21 
463.54 -1630.34 -1114.86 
-77.14 45.70 16.06 
-1568.45 -238.43 1274.99 
119.97 -461.31 142.64 
107.36 -451.66 40.48 
52.08 -489.47 -72.24 
4.43 -439.89 57.14 
-175.82 -411.02 376.78 
-199.17 -480.24 287.68 
-181.12 -367.81 253.58 
-209.74 -402.64 211.54 

-133.81 -299.12 -261.38 
-198.05 -479.20 -348.08 
-102.51 -731.84 -650.13 
-89.36 -356.64 -593.01 
1084.11 3620.62 -4871.68 
-125.10 -2155.01 -1174.62 
180.32 178.74 -72.34 
-2717.70 -232.03 2678.85 
93.01 -461.22 109.41 
92.61 -463.36 15.42 
75.65 -505.50 -86.08 
32.50 -449.68 11.38 
-206.30 -401.20 416.77 
-216.53 -479.47 283.66 
-192.35 -344.24 256.69 
-216.08 -398.46 203.66 

-102.37 -319.28 -248.90 
-164.03 -460.48 -337.36 
-85.46 -680.96 -579.06 
-78.62 -402.00 -494.62 
-910.05 2753.71 -3890.82 
-718.88 -2079.01 -952.10 
617.55 80.90 -222.00 
-3823.01 -434.80 -5242.88 
72.51 -460.58 90.50 
81.81 -470.53 -3.12 
95.65 -512.06 -94.48 
53.10 -457.52 -15.09 
-237.74 -386.77 483.41 
-241.42 -475.82 289.38 
-199.25 -309.44 262.94 
-223.81 -388.80 196.75 

-79.02 -330.75 -244.45 
-142.53 -453.22 -327.18 
-67.36 -647.17 -532.16 
-60.75 -427.10 -429.20 
-1351.25 1134.54 -1984.13 
-929.23 -1632.46 -728.93 
941.98 -473.74 -518.34 
-857.25 -619.20 -5242.88 
49.90 -452.51 67.14 
70.05 -476.42 -30.29 
115.98 -518.05 -102.67 
74.16 -457.97 -35.42 
-277.65 -360.32 592.24 
-275.18 -469.68 300.82 
-200.67 -259.07 259.54 
-229.92 -372.42 186.03 

-64.77 -339.15 -243.60 
-128.94 -450.62 -319.68 
-51.66 -629.90 -502.42 
-37.04 -443.92 -391.38 
-1055.58 319.25 -1118.08 
-845.65 -1218.61 -568.02 
776.88 -1074.67 -806.72 
4961.49 131.20 3079.87 
21.87 -442.66 39.22 
56.90 -487.10 -63.26 
133.54 -529.52 -115.18 
94.46 -458.53 -59.31 
-324.13 -335.34 790.45 
-329.84 -463.63 323.01 
-194.45 -181.94 260.43 
-241.98 -348.14 174.74 

-53.15 -354.22 -247.68 
-118.83 -451.92 -320.51 
-38.03 -627.65 -477.60 
-34.38 -461.76 -361.78 
-776.03 -43.28 -727.92 
-713.09 -964.54 -467.87 
315.01 -1241.30 -919.52 
3462.64 1063.58 294.83 
-7.47 -434.03 -1.33 
43.44 -510.67 -109.30 
159.97 -550.03 -130.59 
121.71 -464.78 -82.85 
-326.43 -296.86 1099.46 
-413.78 -463.41 367.60 
-171.04 -97.92 251.87 
-255.95 -321.25 160.86 

-37.90 -352.00 -248.91 
-104.94 -449.34 -324.32 
-26.38 -614.22 -463.14 
-21.38 -460.37 -347.89 
-589.71 -206.34 -534.00 
-586.38 -801.95 -405.42 
14.67 -1020.32 -806.45 
1434.19 436.27 -644.62 
-53.39 -393.63 -65.46 
22.66 -529.70 -179.63 
188.03 -560.02 -148.51 
153.76 -447.86 -116.22 
-186.14 -245.55 1474.80 
-536.66 -444.45 460.06 
-117.38 -2.91 217.86 
-266.70 -265.04 135.62 

-34.46 -354.74 -253.54 
-94.58 -450.42 -328.62 
-16.62 -610.30 -454.70 
-13.23 -461.98 -332.99 
-485.55 -292.74 -424.88 
-494.18 -716.77 -355.97 
-111.97 -806.56 -612.99 
553.30 21.22 -537.90 
-124.13 -335.26 -149.84 
-5.82 -567.60 -271.34 
220.42 -581.79 -170.29 
193.81 -432.56 -153.47 
174.30 -216.61 1669.87 
-693.74 -431.81 665.71 
-43.44 35.09 183.52 
-276.59 -186.08 120.61 

-23.97 -345.57 -256.37 
-88.99 -437.23 -326.40 
-7.89 -597.42 -439.06 
-7.39 -459.12 -325.52 
-413.54 -331.14 -353.47 
-423.90 -654.88 -320.94 
-155.44 -650.99 -447.14 
201.74 -181.01 -355.31 
-252.61 -209.12 -284.34 
-53.07 -632.16 -405.55 
262.08 -605.04 -198.83 
251.82 -393.39 -205.14 
491.94 -210.82 1419.76 
-800.82 -412.34 1011.09 
10.80 -0.70 145.26 
-265.76 -84.78 119.26 

-16.10 -342.70 -267.84 
-81.17 -436.82 -337.47 
-0.03 -596.69 -432.56 
5.74 -459.76 -313.79 
-367.71 -361.68 -304.59 
-374.99 -623.78 -294.00 
-173.28 -574.45 -319.34 
35.79 -289.47 -236.11 
-527.66 19.79 -484.88 
-145.10 -762.93 -580.78 
318.42 -653.90 -235.92 
332.35 -343.31 -280.40 
512.45 -251.92 976.83 
-689.31 -401.73 1362.78 
20.90 -98.62 142.74 
-231.20 -12.38 157.28 

-6.88 -337.84 -279.02 
-70.38 -443.41 -348.75 
9.20 -593.94 -428.48 
8.74 -449.76 -311.95 
-331.66 -375.57 -266.22 
-337.79 -598.67 -271.09 
-185.94 -526.91 -230.54 
-53.66 -343.86 -153.02 
-1231.68 508.27 -642.08 
-345.74 -968.37 -775.74 
395.33 -739.02 -284.91 
468.93 -245.90 -399.04 
362.54 -299.57 651.38 
-378.90 -382.64 1403.04 
-0.85 -195.49 157.02 
-178.61 -8.88 211.52 

3.79 -331.62 -294.51 
-62.91 -449.60 -363.28 
19.63 -591.78 -427.33 
18.75 -450.98 -308.69 
-307.04 -386.86 -237.07 
-308.26 -581.70 -251.42 
-195.57 -499.33 -167.49 
-111.02 -376.29 -98.05 
-2967.30 1288.05 238.98 
-721.44 -1162.46 -862.14 
488.94 -889.44 -346.30 
699.87 -68.27 -602.03 
215.81 -342.93 486.18 
-139.38 -380.77 1161.97 
-28.98 -268.24 179.17 
-136.45 -68.98 256.26 

18.19 -323.82 -320.93 
-48.94 -457.65 -383.92 
31.95 -595.49 -426.77 
34.93 -452.93 -309.49 
-282.30 -393.79 -209.84 
-283.17 -571.71 -237.66 
-207.02 -483.07 -117.54 
-151.52 -396.50 -56.27 
-4333.15 428.83 3816.96 
-1151.26 -1039.66 -655.92 
572.98 -1163.26 -432.56 
1105.42 307.55 -1018.86 
105.82 -374.22 400.88 
-58.08 -399.46 870.59 
-56.06 -319.25 198.21 
-123.12 -159.06 279.90 

35.46 -306.53 -359.90 
-40.35 -473.76 -412.13 
47.49 -597.94 -431.65 
50.83 -448.43 -309.89 
-263.97 -395.04 -186.82 
-262.61 -560.75 -220.43 
-216.53 -471.94 -84.02 
-183.30 -408.98 -29.62 
815.63 -338.18 -5242.88 
-1167.95 -462.77 -259.62 
554.43 -1588.24 -567.46 
1697.73 1156.08 -1964.05 
34.83 -395.06 353.44 
-50.08 -421.58 659.31 
-79.50 -354.30 208.48 
-118.26 -237.98 284.22 

