69.02 -312.16 -494.21 
-11.10 -544.24 -465.23 
85.20 -620.21 -426.40 
96.91 -460.98 -344.08 
-244.72 -434.35 -195.09 
-215.86 -575.81 -181.50 
-226.43 -477.87 3.46 
-205.01 -479.07 -25.65 
1404.11 -3220.13 4039.17 
186.99 1282.77 1046.24 
-330.13 -2461.10 -819.55 
1941.57 2490.96 -4109.86 
-27.98 -453.02 352.40 
-75.38 -525.41 565.15 
-81.50 -373.54 307.30 
-125.47 -272.58 480.42 

46.34 -267.47 -627.02 
-45.33 -608.43 -537.66 
111.60 -648.82 -466.32 
141.36 -450.78 -396.67 
-235.98 -423.18 -233.79 
-211.71 -599.02 -209.82 
-230.43 -497.25 -13.71 
-203.34 -470.61 -55.38 
2087.62 -1993.17 1936.51 
889.38 905.04 628.98 
-1506.05 -1717.89 -969.62 
-2565.84 1625.41 -4498.30 
-55.70 -445.09 305.95 
-68.67 -501.60 467.34 
-105.76 -398.27 277.95 
-123.73 -323.55 419.79 

-48.91 -200.11 -783.62 
-136.13 -687.18 -617.04 
138.96 -691.87 -525.28 
184.66 -421.62 -478.11 
-218.86 -404.70 -288.77 
-202.21 -629.89 -250.86 
-224.16 -515.02 -33.36 
-191.73 -459.33 -82.96 
1564.30 -1200.26 863.78 
943.58 366.32 331.09 
-1547.55 297.66 -388.05 
-5082.78 -143.52 1225.81 
-74.78 -437.65 273.06 
-71.17 -483.68 396.80 
-123.86 -412.91 252.77 
-128.21 -355.74 371.36 

-281.50 -139.89 -840.35 
-317.65 -736.32 -614.72 
148.00 -758.82 -613.55 
225.41 -382.08 -618.98 
-192.19 -375.50 -379.63 
-189.22 -680.85 -299.87 
-212.02 -536.67 -55.02 
-167.17 -450.21 -116.10 
1084.13 -830.67 403.95 
800.08 -2.03 159.50 
-416.10 1345.81 367.58 
-1888.59 -3418.77 4212.78 
-88.69 -435.23 246.86 
-76.27 -473.90 345.84 
-138.66 -425.98 234.06 
-133.70 -380.40 333.12 

-580.74 -175.89 -572.74 
-506.16 -658.51 -446.37 
105.34 -844.66 -723.33 
211.86 -332.70 -808.48 
-146.16 -327.81 -507.82 
-168.35 -761.46 -373.62 
-193.04 -562.88 -73.79 
-134.02 -439.10 -144.24 
771.76 -666.62 209.84 
646.08 -215.07 84.78 
343.14 1049.18 636.03 
152.19 -2061.20 2970.70 
-99.47 -432.59 225.54 
-74.98 -468.22 310.32 
-148.08 -437.01 218.91 
-138.38 -397.74 307.33 

-644.51 -338.75 11.04 
-534.24 -432.42 -124.10 
-36.42 -914.91 -814.06 
63.04 -290.72 -991.39 
-65.17 -246.13 -706.59 
-135.22 -888.70 -464.29 
-164.94 -592.88 -83.78 
-86.48 -427.84 -167.82 
583.46 -592.54 129.12 
527.86 -330.35 54.38 
509.90 507.17 586.27 
505.65 -1225.47 1761.28 
-103.78 -431.15 213.52 
-82.86 -466.62 286.19 
-153.17 -444.62 208.46 
-141.39 -409.18 290.10 

-274.13 -563.39 564.18 
-273.46 -131.23 166.67 
-324.70 -832.08 -736.21 
-362.11 -361.06 -889.63 
12.66 -73.41 -1089.50 
-144.11 -1124.37 -601.87 
-123.79 -654.22 -115.89 
-3.84 -405.68 -224.08 
458.59 -551.22 57.73 
436.77 -409.79 17.90 
509.15 108.77 447.89 
514.98 -842.16 1039.28 
-107.92 -433.14 186.72 
-80.94 -464.70 260.75 
-158.05 -458.08 191.60 
-141.57 -424.82 269.92 

104.66 -608.90 585.46 
0.58 -44.14 210.56 
-511.54 -583.41 -439.25 
-702.34 -537.73 -353.23 
78.83 290.99 -1743.47 
-223.50 -1504.14 -740.82 
-66.24 -734.08 -144.78 
120.48 -363.92 -292.91 
383.09 -528.80 23.79 
378.86 -453.60 -4.93 
434.05 -129.06 331.89 
426.46 -673.62 661.89 
-106.86 -431.42 168.37 
-78.59 -463.36 243.09 
-158.83 -469.54 177.01 
-140.72 -433.70 257.81 

219.46 -544.05 384.03 
109.01 -105.73 124.83 
-450.38 -377.15 -156.32 
-642.10 -632.43 144.18 
13.01 1096.08 -2851.22 
-446.62 -2052.56 -795.36 
15.22 -840.53 -152.10 
318.59 -299.28 -354.35 
345.84 -515.95 24.46 
347.79 -465.20 -1.26 
356.02 -238.66 268.82 
334.11 -596.85 487.74 
-98.35 -427.23 152.78 
-76.59 -457.76 237.06 
-153.42 -471.73 166.56 
-138.83 -435.36 250.10 

260.83 -492.43 190.75 
162.26 -179.01 10.51 
-220.46 -231.58 48.86 
-323.78 -677.39 452.10 
-1765.14 2269.23 -3747.39 
-1324.54 -2362.00 -502.91 
95.50 -1089.84 -242.98 
656.16 -134.32 -609.57 
307.49 -502.88 -17.86 
315.18 -498.75 -28.94 
324.00 -337.95 188.88 
304.67 -550.78 332.50 
-93.55 -424.32 113.49 
-65.15 -455.25 213.28 
-154.06 -498.05 135.95 
-130.53 -448.67 233.02 

221.36 -445.49 55.81 
134.38 -251.04 -79.73 
-47.60 -265.68 40.75 
-79.73 -623.15 375.30 
-4978.59 183.58 -630.58 
-2161.78 -1450.21 332.34 
119.84 -1482.11 -377.54 
1176.86 216.70 -1113.68 
282.82 -501.92 -44.64 
295.66 -515.49 -48.88 
293.89 -390.18 140.37 
277.58 -525.22 245.23 
-83.28 -415.95 67.52 
-51.33 -449.63 189.62 
-149.89 -515.71 104.08 
-121.52 -457.94 215.36 

171.95 -419.94 -22.11 
98.19 -302.32 -128.61 
22.99 -344.77 -37.87 
7.74 -568.72 206.59 
-3410.50 -2338.10 4537.31 
-1721.12 445.52 958.46 
-65.49 -2065.42 -591.66 
1820.86 1003.46 -2186.19 
278.75 -488.69 -63.86 
287.97 -529.79 -60.93 
276.48 -421.87 114.66 
258.91 -512.75 198.78 
-66.67 -407.63 8.70 
-32.45 -444.08 170.83 
-146.74 -548.94 64.59 
-109.63 -472.42 199.50 

132.11 -411.74 -80.10 
62.22 -336.77 -161.78 
46.82 -417.58 -119.44 
38.30 -541.89 70.48 
741.92 -3204.77 3901.36 
-426.34 1318.56 776.34 
-862.05 -2504.19 -916.08 
1319.81 2272.83 -4222.53 
280.42 -489.25 -91.78 
288.03 -555.06 -82.69 
270.67 -454.34 90.06 
254.83 -511.70 162.00 
-56.51 -397.49 -81.97 
-6.45 -440.29 141.38 
-153.06 -604.14 11.86 
-93.78 -501.68 180.51 

104.18 -396.98 -110.90 
39.58 -358.42 -190.75 
46.43 -460.78 -179.95 
38.35 -515.79 -19.52 
1475.68 -2015.49 1825.74 
270.51 962.11 388.70 
-2013.57 -1743.52 -992.00 
-3096.02 1962.06 -4568.58 
288.42 -474.06 -129.34 
291.89 -571.30 -107.39 
266.38 -467.46 74.90 
254.03 -500.03 131.31 
-57.98 -364.99 -217.22 
30.06 -420.26 93.22 
-178.75 -669.38 -64.43 
-72.21 -525.78 146.50 

85.68 -386.77 -131.84 
17.92 -364.77 -203.54 
38.99 -489.28 -220.11 
30.14 -502.06 -85.95 
993.55 -1197.07 772.99 
357.95 414.53 146.96 
-2068.29 287.78 -375.26 
-5242.88 46.00 717.60 
307.86 -454.56 -178.19 
301.15 -593.34 -143.04 
270.26 -480.00 61.06 
261.50 -489.47 108.93 
-111.30 -315.50 -402.69 
77.84 -389.15 15.38 
-250.58 -757.62 -149.30 
-47.22 -567.15 97.97 

68.35 -379.57 -157.71 
4.96 -381.63 -227.25 
36.37 -512.82 -259.79 
35.18 -489.42 -133.52 
549.62 -812.40 284.42 
259.23 24.11 -1.92 
-873.87 1448.72 358.34 
-2228.48 -3204.42 4056.02 
329.33 -422.67 -281.78 
308.29 -648.67 -209.26 
285.34 -505.36 35.62 
288.03 -476.29 70.70 
-333.74 -276.38 -525.49 
111.71 -353.12 -114.30 
-433.12 -810.80 -169.74 
-44.50 -631.79 14.54 

60.54 -376.59 -173.49 
-0.69 -389.68 -236.38 
30.37 -526.99 -283.42 
18.77 -482.00 -162.78 
246.77 -637.66 117.25 
123.18 -197.55 -41.81 
-149.98 1070.10 580.99 
-308.78 -2009.68 2760.40 
385.14 -379.34 -401.78 
336.13 -720.02 -273.01 
303.98 -523.12 28.24 
317.76 -466.11 53.06 
-663.10 -275.49 -419.94 
119.42 -304.21 -283.86 
-642.32 -761.30 -64.21 
-71.90 -712.88 -78.70 

54.78 -374.19 -183.81 
-1.82 -397.38 -247.09 
25.15 -538.27 -299.86 
22.77 -479.38 -184.93 
63.12 -551.12 33.76 
17.82 -323.22 -63.78 
32.90 503.20 508.48 
58.16 -1220.75 1577.34 
471.34 -292.54 -608.11 
365.68 -842.19 -373.23 
333.82 -550.46 19.12 
367.25 -448.98 31.98 
-894.45 -377.73 134.58 
6.37 -263.22 -470.66 
-734.94 -519.26 220.00 
-181.65 -781.50 -174.69 

50.40 -371.50 -210.05 
-6.59 -408.21 -261.33 
27.63 -551.50 -323.09 
25.71 -478.34 -213.50 
-59.60 -499.76 -44.21 
-66.53 -414.42 -99.14 
37.57 90.30 356.69 
76.18 -841.47 853.14 
552.00 -105.47 -1021.74 
344.78 -1069.82 -539.15 
381.68 -608.05 -11.79 
457.36 -415.39 -31.84 
-642.13 -557.63 889.84 
-381.42 -331.94 -425.90 
-516.82 -157.60 563.25 
-429.30 -701.23 -148.50 

49.86 -374.11 -230.82 
-11.90 -418.96 -279.76 
27.94 -563.42 -336.11 
23.70 -478.98 -229.38 
-135.81 -479.90 -71.57 
-122.10 -463.39 -103.95 
-50.46 -146.64 249.60 
-28.06 -669.01 486.66 
650.21 277.90 -1712.08 
269.25 -1439.49 -715.26 
446.29 -683.76 -26.58 
582.27 -368.69 -87.28 
-228.16 -599.79 1047.33 
-735.42 -495.15 -5.33 
-228.45 -55.41 654.21 
-609.02 -479.73 61.60 

51.90 -363.65 -255.41 
-8.26 -428.30 -302.46 
33.10 -566.78 -348.80 
30.54 -470.69 -244.72 
-183.46 -456.69 -104.22 
-159.34 -495.90 -123.34 
-110.75 -286.21 159.86 
-90.90 -571.86 265.49 
345.60 1098.50 -2871.09 
-120.88 -1944.51 -836.37 
529.30 -811.04 -67.94 
790.38 -262.24 -208.24 
28.75 -563.58 886.46 
-749.54 -659.92 628.19 
-38.69 -95.20 588.42 
-574.94 -185.87 396.75 

54.53 -361.66 -290.64 
-7.79 -443.81 -331.90 
39.39 -581.58 -367.07 
34.29 -473.87 -264.64 
-218.11 -449.18 -130.37 
-190.82 -528.13 -139.63 
-160.35 -376.45 95.07 
-140.34 -526.50 132.10 
-1540.78 2217.17 -3728.14 
-1010.46 -2216.90 -570.62 
618.22 -1043.46 -134.78 
1127.44 -69.10 -438.86 
83.95 -520.13 670.14 
-462.16 -689.50 916.88 
6.67 -197.41 481.36 
-381.47 -72.10 598.85 

63.09 -347.82 -330.48 
-7.87 -456.14 -351.57 
50.32 -584.02 -378.27 
52.26 -465.28 -276.62 
-232.05 -437.81 -142.21 
-201.47 -534.32 -147.23 
-193.57 -414.74 60.24 
-175.36 -498.27 67.04 
-4772.61 63.63 -447.71 
-1818.03 -1420.85 305.86 
673.04 -1413.92 -230.62 
1675.01 355.70 -880.22 
49.06 -480.42 515.15 
-233.82 -620.38 844.08 
-16.32 -275.18 403.36 
-232.70 -116.16 606.90 

69.46 -331.78 -396.69 
-10.67 -489.09 -402.22 
64.21 -596.93 -398.19 
72.54 -458.06 -302.86 
-242.69 -429.63 -169.22 
-210.37 -552.53 -171.09 
-212.59 -451.14 25.33 
-191.31 -481.20 8.64 
-2760.16 -2728.72 4886.70 
-1222.35 529.94 1121.70 
465.66 -1999.30 -472.45 
2312.08 1219.70 -2013.36 
10.16 -459.90 409.55 
-112.53 -562.02 697.60 
-48.86 -333.33 343.50 
-149.66 -196.86 548.94 

