147.28 -452.30 -362.61 
70.43 -423.30 -292.06 
57.31 -525.30 -237.54 
50.91 -497.60 -95.44 
-49.31 -659.18 456.61 
-46.54 -201.54 212.93 
-480.11 -166.00 259.54 
-623.44 -645.14 454.05 
-673.47 -53.04 -1014.02 
-402.82 -1177.12 -391.20 
547.54 -1199.92 -312.18 
1036.54 17.84 -977.36 
-277.06 -466.21 333.28 
-317.20 -399.94 205.89 
-292.85 -416.74 292.88 
-321.58 -442.91 151.68 

194.46 -442.37 -417.07 
106.35 -440.98 -320.27 
77.44 -503.68 -200.53 
73.46 -504.37 -47.95 
-124.00 -688.40 581.92 
-94.26 -143.78 284.72 
-515.36 -226.91 188.43 
-648.99 -604.50 319.20 
-625.06 -220.90 -547.62 
-381.90 -972.72 -201.01 
380.93 -1416.98 -481.12 
881.17 198.13 -1510.75 
-251.70 -461.55 299.90 
-287.79 -389.92 242.56 
-273.66 -422.80 268.43 
-298.61 -425.71 172.90 

147.26 -440.59 -470.46 
66.43 -467.58 -365.33 
116.59 -519.46 -230.26 
121.07 -498.74 -79.31 
15.95 -844.98 872.40 
1.90 47.15 360.48 
-604.29 -128.69 206.29 
-839.60 -683.12 423.94 
-354.24 -335.73 -487.90 
-225.65 -857.50 -242.02 
303.71 -1112.58 -432.70 
529.81 -146.03 -990.02 
-272.58 -466.51 282.24 
-271.38 -399.30 222.64 
-292.56 -435.92 256.26 
-287.62 -440.83 160.67 

94.82 -427.18 -496.32 
23.44 -470.99 -383.04 
148.14 -529.90 -274.61 
168.30 -494.26 -134.54 
306.32 -1138.29 1316.22 
167.02 356.32 405.73 
-716.35 23.09 184.06 
-1128.21 -787.42 529.95 
-183.01 -397.95 -400.85 
-112.64 -756.72 -233.10 
252.32 -904.64 -357.23 
348.48 -303.28 -664.94 
-286.10 -460.70 247.02 
-249.73 -392.11 199.71 
-306.74 -438.98 228.43 
-270.18 -441.57 142.69 

78.98 -439.15 -437.94 
10.37 -449.54 -346.26 
107.60 -550.22 -304.27 
113.28 -487.23 -177.98 
463.34 -960.56 807.98 
259.18 142.56 221.47 
-656.27 241.36 357.74 
-1164.67 -958.67 980.18 
-162.29 -360.77 -550.43 
-99.17 -817.22 -313.46 
322.64 -847.17 -295.01 
432.66 -332.35 -534.75 
-327.09 -465.98 273.47 
-262.50 -399.62 166.30 
-336.16 -426.03 248.11 
-282.59 -453.78 120.88 

69.46 -449.07 -390.38 
5.06 -442.83 -317.95 
75.74 -557.41 -312.88 
75.94 -490.80 -189.90 
400.22 -813.10 420.85 
229.39 -53.79 74.67 
-512.93 434.80 509.55 
-1014.69 -1142.61 1427.26 
-67.97 -325.06 -707.89 
-35.92 -883.63 -401.63 
372.53 -774.53 -208.82 
469.79 -371.42 -371.33 
-390.61 -476.18 296.66 
-264.91 -403.79 108.50 
-382.26 -418.14 265.90 
-301.07 -478.37 77.87 

91.54 -447.25 -374.75 
17.31 -429.46 -303.60 
64.18 -546.46 -290.37 
60.24 -489.71 -161.30 
150.75 -690.26 366.00 
88.42 -178.43 114.64 
-431.36 107.62 433.41 
-681.95 -838.58 922.08 
-229.34 -173.63 -1013.90 
-153.20 -1061.07 -487.71 
455.90 -872.90 -217.39 
656.58 -281.68 -479.38 
-351.57 -474.96 364.72 
-318.90 -401.74 131.79 
-347.20 -391.62 311.94 
-330.13 -464.30 100.59 

112.18 -448.18 -340.70 
43.23 -417.36 -277.79 
43.55 -539.38 -269.34 
39.42 -492.02 -137.06 
-15.06 -617.63 300.37 
-21.71 -268.96 128.14 
-398.05 -104.29 335.31 
-529.23 -683.31 593.04 
-515.26 130.16 -1519.47 
-317.87 -1362.26 -566.34 
576.43 -991.86 -160.48 
954.03 -149.55 -547.39 
-304.80 -473.55 396.45 
-360.02 -397.10 161.86 
-309.17 -382.80 336.75 
-365.60 -456.75 127.26 

