-27.92 -575.17 -395.97 
-56.00 -501.25 -120.85 
-59.34 -664.00 -259.34 
-6.58 -584.16 -311.30 
-455.57 -675.34 -322.50 
-206.80 -686.85 198.54 
-455.28 -652.42 251.82 
-282.13 -712.11 -342.30 
-257.41 -909.23 -666.93 
460.98 -820.11 648.50 
-198.77 -744.56 696.30 
399.46 -826.77 -641.28 
-160.02 -548.38 161.23 
-118.59 -543.97 238.61 
-118.03 -528.90 355.06 
-187.34 -547.84 330.85 

-30.96 -608.27 -464.61 
-35.31 -535.71 -83.25 
-66.88 -684.35 -215.73 
15.18 -609.95 -331.28 
-416.88 -706.59 -321.22 
-217.15 -665.55 272.88 
-476.26 -619.42 213.39 
-290.61 -702.14 -261.12 
-272.83 -851.89 -465.82 
414.90 -813.38 441.81 
-130.26 -785.15 855.82 
349.30 -809.18 -975.57 
-151.57 -521.46 192.85 
-126.82 -510.40 261.81 
-129.15 -507.58 332.46 
-182.02 -525.84 298.10 

-58.66 -601.36 -429.25 
-36.18 -522.11 -90.75 
-68.66 -693.26 -202.56 
-3.02 -622.88 -363.34 
-495.26 -765.49 -559.68 
-166.21 -719.54 443.46 
-536.45 -671.10 301.41 
-211.47 -748.85 -392.91 
-64.05 -796.93 -308.38 
327.17 -742.83 308.14 
-9.60 -712.35 551.34 
183.92 -800.80 -464.16 
-142.13 -526.40 175.09 
-112.32 -503.38 262.93 
-130.91 -514.96 331.70 
-176.34 -522.03 289.62 

-65.01 -587.14 -407.15 
-29.36 -515.30 -111.90 
-56.82 -704.51 -185.41 
-14.35 -630.77 -383.62 
-619.01 -847.52 -900.93 
-23.22 -704.27 780.43 
-665.26 -690.48 456.13 
-105.74 -828.96 -533.36 
22.05 -739.07 -216.85 
257.97 -700.45 208.40 
57.66 -680.51 351.28 
139.01 -732.02 -256.48 
-138.10 -529.90 172.11 
-107.87 -495.79 269.60 
-139.15 -519.39 337.34 
-180.14 -517.50 281.63 

-45.22 -566.13 -374.53 
-45.84 -496.21 -147.76 
-47.30 -681.74 -241.25 
-27.92 -601.49 -337.55 
-685.74 -820.13 -712.70 
25.14 -735.12 569.82 
-664.38 -689.09 653.81 
-108.26 -882.50 -722.51 
27.34 -769.04 -273.36 
248.48 -723.78 265.14 
35.81 -678.80 304.54 
173.06 -719.87 -217.70 
-145.36 -568.34 146.64 
-102.37 -526.40 262.30 
-139.15 -546.05 379.97 
-191.73 -538.67 309.86 

-33.17 -550.56 -350.93 
-55.87 -484.06 -173.28 
-42.93 -665.89 -277.87 
-27.87 -583.23 -308.94 
-678.66 -781.25 -517.71 
4.91 -745.50 372.50 
-594.14 -674.83 850.26 
-181.55 -919.07 -919.42 
53.79 -791.07 -327.73 
223.71 -740.94 311.10 
32.93 -674.27 246.86 
193.65 -699.42 -147.38 
-160.78 -618.22 100.59 
-90.64 -566.70 245.39 
-137.78 -576.35 442.29 
-216.18 -569.49 343.01 

-27.63 -547.54 -355.10 
-59.22 -479.44 -161.73 
-47.46 -652.18 -280.93 
-19.65 -565.71 -301.28 
-544.64 -706.27 -377.84 
-128.45 -714.11 232.05 
-480.30 -687.74 500.29 
-269.07 -811.57 -579.70 
-30.59 -859.50 -521.87 
276.26 -780.66 509.79 
-50.22 -699.57 349.71 
259.25 -742.66 -254.00 
-172.90 -600.19 112.74 
-98.21 -577.54 224.48 
-118.06 -562.30 422.38 
-213.90 -567.23 363.55 

-19.60 -551.50 -362.34 
-63.84 -484.10 -157.78 
-50.72 -647.95 -289.86 
-13.65 -566.80 -291.66 
-464.61 -654.08 -272.82 
-197.46 -680.51 139.81 
-428.16 -658.91 305.54 
-311.26 -732.90 -381.31 
-203.66 -930.45 -908.29 
397.65 -833.41 847.78 
-181.36 -745.26 499.38 
403.73 -790.56 -417.23 
-181.76 -585.74 131.58 
-113.22 -593.25 209.68 
-107.31 -555.39 400.50 
-208.56 -576.58 384.75 

