-136.43 -471.54 -189.58 
-192.86 -375.92 -142.14 
-122.77 -619.12 -457.34 
-112.83 -467.95 -346.34 
-602.62 -241.39 -558.03 
-599.52 -876.05 -479.33 
-146.32 -868.51 -469.46 
-27.71 -268.80 -630.45 
814.42 -1085.44 689.65 
948.74 107.55 583.81 
-360.13 267.28 635.55 
-637.38 -1173.02 902.61 
-38.22 -432.56 82.43 
-0.21 -401.89 368.88 
-86.10 -512.54 86.75 
-46.74 -432.82 273.57 

-182.80 -488.72 -156.27 
-233.09 -369.82 -109.44 
-140.75 -647.17 -509.73 
-129.95 -462.08 -405.95 
-524.86 -211.34 -676.24 
-536.85 -950.22 -583.82 
-104.69 -800.72 -366.69 
3.10 -324.82 -503.33 
784.38 -909.04 386.62 
883.26 -104.59 324.10 
-168.43 510.72 890.10 
-509.23 -1361.12 1238.06 
-58.16 -446.32 125.62 
-32.16 -408.27 354.19 
-101.09 -500.70 124.13 
-79.97 -443.18 257.52 

-145.78 -495.01 -120.48 
-200.16 -356.90 -74.46 
-182.18 -644.37 -488.70 
-166.19 -465.98 -391.10 
-616.24 -33.86 -900.19 
-653.79 -1166.74 -737.90 
11.98 -906.14 -394.38 
159.25 -247.01 -561.89 
590.10 -785.33 394.16 
665.38 -222.08 349.15 
-49.20 113.22 690.85 
-260.32 -994.98 914.10 
-36.88 -446.34 156.75 
-50.78 -405.42 383.09 
-78.62 -491.71 149.87 
-96.74 -431.04 287.46 

-98.26 -506.86 -91.46 
-152.29 -346.40 -53.31 
-218.29 -631.86 -438.38 
-208.18 -475.42 -338.99 
-803.02 292.37 -1197.87 
-879.92 -1549.33 -902.96 
172.98 -1057.63 -393.49 
389.74 -127.70 -607.31 
459.23 -702.11 340.58 
514.46 -314.45 309.10 
32.00 -109.52 533.23 
-111.60 -802.43 689.79 
-25.47 -450.96 185.63 
-71.98 -405.10 400.54 
-65.38 -486.08 177.42 
-112.43 -430.30 303.31 

-76.74 -482.26 -142.61 
-139.70 -360.35 -100.18 
-171.41 -608.85 -404.06 
-165.07 -477.15 -303.34 
-959.52 115.34 -843.01 
-987.98 -1301.68 -633.58 
148.16 -1296.94 -630.75 
431.09 63.42 -928.58 
429.55 -743.28 465.79 
497.60 -247.60 422.38 
-56.37 -166.38 438.64 
-186.96 -757.28 581.31 
12.03 -442.62 166.00 
-60.18 -397.81 432.93 
-31.25 -489.34 159.34 
-102.83 -412.83 332.02 

-67.41 -472.53 -179.41 
-130.98 -366.11 -131.26 
-138.78 -596.43 -386.11 
-128.58 -478.82 -279.87 
-955.92 -64.85 -520.64 
-950.40 -1061.89 -386.13 
-33.10 -1546.94 -886.56 
303.34 272.00 -1273.57 
354.46 -786.00 584.50 
433.98 -189.70 525.95 
-99.34 -237.58 333.87 
-213.17 -708.03 456.75 
65.73 -432.14 134.42 
-48.70 -397.20 483.25 
15.74 -503.10 132.64 
-84.96 -388.77 378.58 

-89.25 -464.88 -197.81 
-148.70 -379.39 -149.23 
-122.21 -601.81 -416.37 
-117.65 -471.30 -307.49 
-758.16 -196.61 -505.81 
-750.10 -919.87 -412.80 
-151.68 -1152.24 -700.59 
48.43 -52.02 -955.62 
459.63 -970.42 798.46 
578.96 11.46 705.81 
-225.04 -135.15 364.83 
-374.53 -810.19 519.63 
35.98 -426.21 81.25 
-4.82 -397.31 464.67 
-15.50 -519.26 85.87 
-53.30 -392.86 360.32 

-105.87 -459.26 -224.85 
-166.42 -386.19 -174.62 
-103.42 -604.80 -435.02 
-91.46 -467.30 -323.65 
-629.44 -286.19 -444.46 
-615.63 -807.98 -385.20 
-223.84 -926.45 -554.77 
-99.09 -222.45 -731.25 
666.82 -1296.99 1080.18 
848.56 356.54 903.79 
-395.86 12.03 366.66 
-603.36 -964.29 561.87 
-8.19 -419.79 40.00 
37.71 -398.45 422.64 
-61.23 -531.02 50.53 
-7.82 -408.22 318.64 

