-73.73 -357.02 -564.82 
-153.15 -525.79 -477.66 
85.89 -664.03 -551.60 
98.78 -415.79 -439.89 
-133.97 -389.62 -397.66 
-112.10 -675.06 -373.50 
-83.18 -395.82 167.84 
-79.41 -570.82 131.49 
-167.15 -841.55 764.32 
-58.75 -116.90 690.74 
-267.79 -899.17 -540.70 
-216.43 -264.00 -641.74 
-34.38 -506.43 459.87 
-220.30 -417.82 594.13 
-42.03 -343.90 411.15 
-233.55 -310.59 467.47 

-106.50 -307.44 -658.02 
-191.58 -585.65 -552.78 
125.95 -699.76 -598.67 
149.86 -390.21 -492.85 
-47.84 -409.42 -318.93 
-23.47 -638.13 -307.30 
-167.82 -374.75 203.87 
-173.25 -577.46 170.32 
92.74 -810.40 720.96 
183.65 -148.02 652.88 
-528.05 -805.79 -389.92 
-523.98 -339.74 -461.02 
-65.50 -487.57 411.63 
-194.43 -407.46 525.71 
-75.09 -374.64 371.62 
-215.49 -349.54 414.50 

-149.44 -323.73 -598.61 
-230.29 -566.72 -506.98 
99.81 -727.50 -653.44 
131.95 -375.54 -551.49 
78.27 -360.51 -448.99 
90.00 -706.96 -414.67 
-146.00 -280.51 327.95 
-176.11 -642.62 321.28 
45.07 -680.50 489.46 
105.60 -297.65 454.61 
-306.22 -664.29 -227.46 
-325.42 -433.82 -241.17 
-88.43 -493.60 438.03 
-217.54 -413.25 503.25 
-98.37 -363.52 396.45 
-238.93 -357.02 388.66 

-175.81 -345.44 -528.78 
-258.67 -542.29 -442.46 
47.87 -756.10 -702.72 
82.99 -364.53 -606.66 
263.82 -230.74 -715.28 
241.04 -882.00 -623.28 
-136.53 -135.04 498.40 
-203.55 -751.25 531.15 
48.54 -617.33 340.99 
91.55 -378.69 323.81 
-167.54 -585.12 -119.06 
-205.41 -482.72 -101.89 
-114.78 -497.12 457.94 
-231.25 -410.27 475.47 
-121.20 -356.35 414.53 
-255.25 -376.58 364.30 

-125.28 -378.91 -485.09 
-196.50 -504.59 -408.69 
23.65 -701.55 -618.40 
44.66 -405.38 -512.40 
-11.50 -192.75 -829.76 
-29.54 -955.31 -719.97 
84.35 -130.27 505.98 
33.39 -782.21 539.49 
-57.07 -613.25 310.77 
-11.57 -389.82 293.89 
-89.23 -630.08 -208.85 
-112.37 -453.55 -207.10 
-105.55 -524.45 529.82 
-267.81 -422.74 513.97 
-100.83 -315.95 474.54 
-276.91 -345.90 395.89 

-90.54 -400.99 -447.81 
-163.52 -476.51 -377.42 
7.33 -665.41 -556.75 
22.70 -428.86 -453.94 
-255.01 -205.18 -795.58 
-262.35 -946.54 -697.52 
330.98 -223.09 370.96 
322.61 -742.78 377.18 
-150.69 -593.95 227.52 
-108.32 -417.97 217.44 
4.03 -646.34 -246.19 
-11.54 -438.56 -247.06 
-88.46 -566.22 632.72 
-320.80 -438.53 563.60 
-68.11 -252.24 554.38 
-323.09 -308.03 430.64 

-75.54 -393.04 -475.54 
-147.87 -484.35 -400.88 
31.68 -654.59 -538.64 
48.24 -431.71 -431.68 
-225.14 -318.59 -575.62 
-216.58 -784.75 -521.31 
122.27 -376.14 186.38 
133.71 -610.74 150.61 
-280.42 -664.61 379.34 
-212.98 -333.34 357.17 
-21.18 -733.28 -369.87 
-12.45 -378.51 -397.76 
-25.38 -551.15 584.62 
-301.58 -439.01 629.17 
-14.53 -274.16 510.78 
-297.73 -277.54 492.08 

-50.78 -388.06 -499.17 
-129.36 -485.22 -421.47 
49.81 -640.88 -514.85 
67.47 -435.66 -402.46 
-223.55 -384.85 -421.47 
-202.48 -688.91 -394.69 
-12.48 -437.92 92.93 
3.39 -557.14 43.55 
-483.60 -801.58 630.64 
-370.74 -178.10 570.85 
-15.65 -894.58 -547.97 
45.65 -255.54 -636.05 
11.63 -546.72 527.66 
-262.45 -437.02 687.68 
11.30 -302.35 457.06 
-259.25 -254.22 539.28 

