-26.27 -594.40 -350.48 
-43.78 -493.26 -95.04 
-76.40 -672.77 -254.30 
-27.65 -612.08 -278.80 
-452.88 -776.11 -282.13 
-194.94 -638.18 223.44 
-442.54 -628.27 243.46 
-295.33 -782.61 -315.58 
-208.13 -1116.98 -539.44 
501.17 -648.02 632.77 
-160.00 -547.81 689.02 
310.67 -1128.77 -489.95 
-180.62 -604.06 153.30 
-147.38 -608.08 223.55 
-157.90 -556.10 309.10 
-222.99 -536.66 329.39 

-51.12 -646.16 -389.73 
-39.15 -509.47 -37.42 
-100.66 -695.62 -221.20 
-25.60 -660.34 -315.89 
-444.38 -800.54 -367.71 
-231.26 -658.11 253.81 
-446.11 -641.55 182.22 
-259.49 -746.86 -290.69 
-123.84 -1025.66 -304.93 
513.36 -642.40 465.92 
-87.31 -455.01 859.33 
183.89 -1255.41 -602.80 
-161.47 -574.32 177.10 
-143.78 -570.74 249.34 
-161.47 -543.36 277.79 
-209.66 -520.38 297.70 

-47.42 -634.26 -375.65 
-19.71 -505.54 -54.35 
-87.90 -693.52 -186.03 
-29.04 -671.18 -310.27 
-506.82 -947.79 -484.30 
-162.48 -608.16 461.30 
-529.95 -632.56 289.01 
-239.47 -844.78 -357.07 
-36.08 -881.09 -237.06 
359.42 -676.10 322.67 
23.07 -586.30 561.70 
156.80 -1009.62 -354.77 
-165.34 -581.89 168.06 
-143.73 -565.39 245.54 
-173.26 -547.15 288.21 
-217.97 -524.83 278.59 

-50.86 -623.74 -360.91 
-9.41 -509.76 -84.02 
-72.06 -698.70 -166.45 
-37.74 -686.93 -326.00 
-655.87 -1164.37 -807.02 
-34.16 -511.57 749.06 
-653.18 -620.03 425.73 
-153.74 -984.35 -488.02 
40.80 -790.46 -158.18 
283.04 -666.77 232.74 
75.28 -611.39 378.85 
128.67 -873.18 -185.63 
-161.23 -591.23 166.19 
-142.00 -561.09 252.46 
-183.06 -553.09 294.40 
-223.57 -524.34 275.28 

-34.80 -582.66 -334.93 
-37.62 -489.22 -116.32 
-60.34 -685.25 -224.80 
-42.38 -640.67 -292.85 
-688.85 -1072.45 -608.86 
33.52 -562.43 574.24 
-643.66 -574.74 605.79 
-163.25 -1091.31 -668.50 
42.86 -827.28 -198.53 
272.24 -671.15 290.13 
43.86 -613.28 333.42 
154.30 -843.62 -143.81 
-169.39 -627.86 143.90 
-135.66 -588.66 241.86 
-181.07 -566.72 335.41 
-233.68 -534.14 300.37 

-25.73 -559.63 -321.82 
-44.72 -487.68 -156.91 
-53.15 -676.42 -267.97 
-46.94 -609.58 -271.33 
-658.85 -970.80 -432.00 
26.02 -618.05 389.46 
-565.26 -527.71 783.86 
-242.18 -1188.48 -863.63 
63.36 -860.91 -237.12 
248.18 -675.76 342.10 
29.66 -621.86 279.70 
166.64 -811.07 -96.34 
-184.16 -689.71 107.20 
-125.90 -632.30 232.13 
-175.92 -585.06 400.45 
-257.50 -557.97 340.90 

-24.03 -560.37 -323.57 
-54.24 -481.26 -138.69 
-60.24 -669.66 -273.38 
-40.93 -602.96 -269.95 
-525.82 -837.86 -314.11 
-105.98 -640.38 262.56 
-467.49 -608.82 486.62 
-306.14 -962.06 -519.82 
-11.81 -999.92 -406.83 
310.74 -668.93 520.98 
-46.37 -615.94 377.50 
213.42 -896.61 -177.76 
-194.90 -674.14 113.81 
-131.76 -649.28 214.58 
-157.84 -578.53 380.22 
-252.16 -555.57 362.11 

-19.70 -566.06 -331.68 
-51.42 -484.48 -132.06 
-65.57 -666.16 -282.40 
-32.72 -597.17 -265.10 
-455.73 -746.82 -238.59 
-185.87 -645.52 163.58 
-414.85 -631.71 295.68 
-324.37 -817.09 -350.70 
-167.60 -1215.86 -736.10 
445.54 -613.87 813.58 
-173.30 -594.90 518.13 
308.53 -1025.71 -299.15 
-202.14 -656.59 129.10 
-141.23 -667.28 194.48 
-142.67 -575.76 355.92 
-236.58 -559.33 384.61 

