-81.41 -390.00 -601.66 
-129.26 -556.05 -458.61 
70.38 -690.40 -536.13 
99.20 -434.42 -461.12 
-122.02 -430.88 -444.83 
-126.06 -687.09 -327.63 
-95.49 -403.26 124.85 
-55.17 -552.96 170.06 
-158.21 -789.52 951.26 
-39.81 -130.19 535.33 
-231.92 -878.90 -399.07 
-252.00 -320.91 -811.71 
-34.26 -488.90 464.61 
-274.14 -374.56 625.81 
-76.51 -332.64 369.09 
-246.00 -267.44 435.94 

-127.79 -358.83 -714.96 
-175.63 -619.90 -513.34 
109.07 -733.68 -568.30 
156.59 -418.91 -522.24 
-24.05 -449.33 -357.79 
-52.18 -654.29 -271.04 
-171.33 -385.86 156.59 
-163.84 -557.89 210.72 
148.05 -755.89 868.43 
164.16 -152.43 521.23 
-427.26 -787.10 -277.54 
-630.91 -391.42 -603.49 
-71.20 -482.11 414.77 
-247.50 -375.47 559.33 
-110.67 -372.11 341.57 
-235.30 -308.29 397.36 

-170.45 -361.52 -645.17 
-205.06 -593.90 -471.25 
88.82 -759.07 -616.72 
129.25 -409.20 -593.04 
121.57 -404.62 -526.99 
46.19 -713.74 -350.53 
-145.74 -293.57 250.86 
-163.57 -603.82 389.30 
67.14 -642.30 572.22 
113.79 -291.30 382.40 
-249.68 -660.24 -171.14 
-391.39 -468.13 -295.90 
-95.60 -480.40 443.41 
-269.68 -376.43 521.09 
-127.31 -355.09 360.38 
-253.22 -316.54 376.29 

-196.11 -378.06 -566.46 
-228.51 -568.19 -426.27 
38.24 -787.34 -651.66 
74.53 -394.54 -652.59 
341.10 -286.21 -882.42 
169.82 -860.56 -484.74 
-126.38 -152.50 375.79 
-208.99 -694.93 672.03 
58.42 -588.08 389.76 
103.34 -371.62 280.13 
-133.42 -585.15 -97.31 
-240.88 -501.25 -124.94 
-123.73 -479.98 459.54 
-282.29 -375.58 492.14 
-150.82 -344.62 374.54 
-268.96 -322.22 353.63 

-137.65 -402.42 -513.42 
-186.34 -522.54 -393.86 
18.32 -722.30 -587.09 
41.92 -430.56 -545.10 
-4.46 -261.10 -1004.74 
-39.58 -934.51 -571.33 
60.32 -155.04 368.46 
70.74 -731.12 711.36 
-60.77 -586.85 355.84 
12.24 -383.06 251.58 
-66.19 -632.43 -172.38 
-134.42 -476.70 -243.95 
-111.82 -496.90 546.06 
-324.10 -380.54 531.71 
-131.39 -298.50 421.23 
-285.82 -302.67 372.46 

-99.23 -427.25 -470.37 
-149.50 -508.21 -374.43 
5.22 -691.36 -542.06 
18.58 -452.72 -467.89 
-289.62 -286.78 -934.74 
-236.53 -947.79 -563.70 
242.11 -260.26 253.87 
419.98 -720.11 515.10 
-166.62 -584.72 265.74 
-68.78 -421.41 189.62 
13.26 -659.52 -204.58 
-21.70 -474.77 -285.07 
-92.48 -530.37 670.02 
-377.70 -393.23 588.50 
-101.76 -240.58 484.18 
-324.46 -268.94 406.90 

-87.54 -416.99 -499.55 
-139.82 -504.78 -390.93 
26.48 -675.86 -524.78 
36.06 -450.69 -446.48 
-233.87 -378.27 -654.00 
-209.01 -796.27 -444.99 
79.09 -387.34 130.69 
191.90 -593.12 206.21 
-315.12 -640.45 458.16 
-157.73 -337.17 288.91 
-14.85 -739.54 -294.99 
-19.22 -423.50 -471.97 
-23.82 -516.75 611.62 
-357.36 -386.29 657.86 
-54.19 -259.31 445.89 
-302.13 -233.97 455.70 

-57.74 -411.92 -524.45 
-122.99 -513.42 -407.41 
44.83 -661.92 -501.26 
59.98 -453.58 -416.03 
-222.74 -423.39 -469.39 
-204.67 -706.67 -352.46 
-34.37 -444.66 55.06 
38.56 -541.25 68.50 
-543.50 -766.66 814.14 
-280.88 -195.25 429.82 
-27.23 -884.56 -420.59 
51.38 -318.78 -773.81 
17.38 -503.28 539.25 
-315.55 -375.73 718.38 
-28.14 -285.47 402.38 
-268.40 -209.30 483.20 

