-28.40 -596.46 -360.35 
-66.80 -501.87 -88.21 
-80.03 -669.97 -275.62 
-24.24 -594.30 -275.57 
-414.26 -693.15 -241.34 
-240.88 -646.00 113.22 
-390.90 -626.13 142.98 
-292.64 -698.94 -255.57 
-489.82 -1409.70 -792.35 
798.69 -488.40 921.94 
-414.86 -374.26 959.42 
486.05 -1400.26 -857.23 
-173.89 -589.76 162.37 
-149.87 -611.30 231.66 
-143.62 -546.85 290.86 
-210.62 -533.82 340.30 

-17.90 -623.01 -351.47 
-52.29 -496.74 -48.19 
-92.43 -665.65 -243.62 
-25.97 -608.69 -259.38 
-411.28 -711.02 -209.62 
-248.38 -624.54 156.59 
-414.93 -613.60 134.66 
-312.00 -692.30 -235.22 
-503.74 -1248.14 -762.62 
731.47 -629.10 706.27 
-295.44 -321.20 1117.81 
597.76 -1450.54 -1053.89 
-181.92 -574.13 164.54 
-154.05 -591.04 216.30 
-163.18 -544.38 276.03 
-209.39 -535.01 303.02 

-44.56 -647.44 -409.55 
-56.43 -518.80 -33.33 
-97.62 -689.57 -244.22 
-13.09 -628.62 -305.17 
-402.37 -728.48 -288.40 
-246.70 -650.62 162.05 
-405.63 -622.43 130.00 
-272.43 -692.54 -237.78 
-272.11 -1162.11 -379.73 
665.57 -596.53 577.84 
-226.77 -286.08 1143.31 
274.05 -1491.36 -1074.19 
-161.28 -563.18 178.69 
-148.45 -568.03 252.21 
-154.94 -533.10 269.09 
-204.85 -515.68 301.52 

-39.65 -680.69 -378.58 
-35.62 -498.61 21.87 
-120.19 -683.55 -199.62 
-30.22 -659.18 -289.31 
-431.09 -763.92 -305.65 
-270.16 -643.26 224.05 
-431.78 -631.46 119.73 
-277.28 -698.18 -264.38 
-188.53 -1029.76 -369.78 
562.51 -666.18 417.47 
-33.06 -317.81 1092.03 
258.35 -1433.26 -866.66 
-165.42 -557.30 155.38 
-143.66 -559.68 233.89 
-167.95 -538.72 253.87 
-208.64 -521.73 272.40 

-73.28 -702.05 -430.18 
-29.17 -516.64 29.73 
-128.11 -706.10 -181.52 
-12.61 -684.90 -339.22 
-414.66 -809.36 -394.48 
-258.50 -656.94 277.02 
-440.99 -634.43 140.40 
-251.26 -716.53 -256.26 
-79.18 -946.02 -212.45 
481.17 -647.71 352.90 
28.18 -403.09 945.98 
79.58 -1316.35 -674.85 
-155.65 -554.13 180.14 
-144.78 -549.20 256.66 
-164.80 -527.87 258.90 
-211.70 -511.09 273.58 

-55.84 -705.49 -423.86 
6.82 -508.94 40.05 
-124.43 -691.49 -124.14 
-17.49 -707.89 -321.54 
-436.13 -885.07 -400.74 
-258.13 -610.24 396.22 
-483.07 -625.79 162.35 
-265.87 -740.45 -263.55 
-72.29 -859.89 -218.03 
385.36 -680.51 272.96 
97.30 -525.04 760.77 
116.21 -1154.48 -597.52 
-162.51 -550.21 174.08 
-147.06 -542.37 243.20 
-173.65 -531.54 255.07 
-208.19 -509.63 259.23 

-89.65 -696.72 -412.37 
6.21 -510.72 29.54 
-128.40 -709.07 -117.57 
-27.92 -722.08 -371.82 
-452.32 -948.00 -641.22 
-244.34 -634.96 488.08 
-497.07 -646.46 190.85 
-199.60 -770.85 -305.89 
22.46 -814.82 -134.35 
362.02 -641.74 247.28 
104.80 -521.47 630.98 
65.76 -1055.92 -311.22 
-150.51 -551.82 176.05 
-140.21 -539.04 256.32 
-169.54 -530.61 256.30 
-209.63 -502.00 260.90 

-74.78 -676.18 -412.37 
13.57 -509.23 -2.27 
-104.70 -703.26 -92.03 
-22.29 -733.04 -363.76 
-489.04 -1072.45 -713.65 
-203.89 -549.46 672.27 
-560.78 -631.86 242.16 
-200.78 -827.73 -324.96 
19.34 -774.27 -140.77 
304.91 -656.30 209.65 
108.85 -589.74 490.26 
89.47 -946.35 -290.77 
-156.74 -555.01 174.59 
-144.56 -534.64 251.57 
-178.08 -531.92 262.93 
-210.27 -504.67 256.50 

-67.97 -648.24 -386.19 
6.66 -503.47 -37.71 
-85.04 -698.26 -97.46 
-33.49 -722.32 -360.18 
-568.37 -1196.56 -918.99 
-127.95 -468.90 844.34 
-625.14 -623.26 311.94 
-163.41 -902.94 -383.44 
41.41 -750.99 -132.43 
277.04 -649.70 192.35 
105.54 -599.12 397.87 
100.24 -876.18 -209.06 
-156.50 -559.28 173.47 
-142.08 -534.14 250.54 
-181.42 -532.99 269.98 
-210.43 -506.42 254.72 

-59.49 -620.61 -363.34 
6.72 -500.19 -74.30 
-66.06 -692.18 -120.51 
-43.02 -704.30 -340.82 
-703.58 -1304.35 -1135.47 
-8.48 -383.26 987.74 
-701.17 -603.92 408.93 
-102.00 -989.52 -481.50 
57.26 -736.26 -122.99 
259.50 -644.22 183.34 
101.04 -600.26 332.08 
109.66 -826.48 -154.16 
-156.51 -568.34 166.29 
-139.23 -538.67 249.79 
-184.27 -538.24 277.74 
-216.00 -501.81 256.61 

-50.46 -594.99 -345.02 
-0.98 -497.14 -103.74 
-55.06 -687.55 -152.72 
-46.67 -676.19 -325.94 
-872.48 -1371.41 -1251.23 
142.06 -322.75 1044.19 
-782.78 -565.44 542.10 
-24.43 -1100.03 -629.86 
70.72 -729.04 -119.49 
245.98 -640.69 180.98 
96.10 -599.70 282.67 
118.91 -791.84 -115.49 
-157.38 -582.05 159.89 
-138.18 -543.20 248.82 
-187.92 -543.20 291.52 
-219.70 -507.36 259.30 

-44.69 -579.46 -335.30 
-17.36 -490.62 -122.30 
-48.91 -686.24 -187.86 
-43.25 -656.21 -304.10 
-1001.33 -1378.40 -1187.52 
265.30 -328.35 988.74 
-852.94 -501.66 712.67 
48.50 -1235.94 -840.06 
79.62 -735.55 -122.83 
236.62 -645.22 186.78 
90.62 -602.96 255.87 
126.74 -771.20 -91.52 
-158.03 -602.74 151.78 
-135.14 -555.84 249.38 
-191.98 -553.33 313.63 
-227.76 -515.36 268.98 

-34.40 -558.66 -322.75 
-29.76 -476.98 -134.62 
-45.57 -675.12 -214.32 
-32.11 -629.36 -287.82 
-1019.20 -1310.40 -986.83 
314.13 -388.45 840.82 
-865.63 -416.75 895.50 
94.45 -1347.65 -1086.96 
84.80 -738.29 -131.50 
226.82 -639.62 200.22 
81.87 -598.22 234.38 
131.60 -753.07 -73.12 
-160.22 -621.42 136.80 
-130.94 -564.96 243.65 
-193.14 -557.47 333.44 
-232.45 -517.84 278.85 

-31.23 -555.71 -319.55 
-36.67 -482.08 -151.26 
-45.63 -677.44 -243.90 
-46.18 -616.70 -282.05 
-938.40 -1212.77 -748.54 
272.62 -484.70 661.82 
-810.24 -360.88 1049.14 
35.81 -1420.66 -1287.15 
90.37 -761.18 -145.07 
224.77 -654.40 220.64 
75.78 -605.44 225.14 
141.15 -754.19 -63.89 
-164.00 -657.54 122.43 
-127.33 -589.68 245.57 
-195.94 -574.18 368.37 
-245.18 -532.16 294.19 

-26.45 -550.02 -316.35 
-34.66 -486.82 -159.01 
-46.61 -672.58 -263.82 
-41.90 -602.48 -271.57 
-816.40 -1091.66 -553.12 
182.11 -562.00 501.74 
-686.62 -357.18 1096.90 
-104.51 -1417.76 -1331.18 
92.58 -786.61 -167.68 
220.27 -661.71 253.54 
65.36 -607.92 222.51 
148.99 -756.53 -60.32 
-171.46 -690.51 103.47 
-118.99 -612.13 238.21 
-192.40 -582.64 403.79 
-253.66 -541.49 315.52 

-22.72 -535.10 -309.46 
-47.81 -468.19 -157.60 
-47.36 -661.12 -276.29 
-43.39 -583.60 -260.96 
-695.92 -974.80 -419.47 
87.71 -601.12 370.72 
-547.78 -401.74 1028.50 
-251.57 -1337.57 -1186.40 
88.61 -813.84 -204.62 
214.51 -658.85 299.22 
48.27 -602.85 224.94 
156.94 -755.31 -60.51 
-182.13 -712.69 76.37 
-117.57 -631.39 224.32 
-183.49 -579.90 434.37 
-260.82 -538.21 339.17 

-20.32 -533.14 -309.30 
-42.35 -473.52 -168.94 
-49.22 -658.18 -287.78 
-38.91 -580.48 -259.60 
-609.15 -886.30 -332.59 
0.82 -628.58 279.26 
-453.92 -485.38 874.50 
-343.70 -1219.49 -962.91 
84.74 -865.04 -257.62 
215.18 -664.38 367.44 
27.09 -607.46 236.13 
168.45 -771.10 -67.73 
-198.34 -738.16 57.01 
-112.14 -660.75 209.55 
-168.26 -585.79 463.18 
-271.12 -551.02 366.42 

-18.11 -534.21 -310.13 
-48.27 -470.42 -166.27 
-50.80 -657.42 -293.20 
-38.26 -570.98 -254.90 
-546.85 -821.98 -276.94 
-68.56 -642.29 214.32 
-402.70 -554.38 699.71 
-376.46 -1095.26 -740.94 
73.50 -937.42 -339.06 
219.89 -664.14 459.22 
4.03 -612.96 256.78 
184.22 -796.78 -85.70 
-213.20 -752.64 49.57 
-111.18 -691.65 193.87 
-149.39 -588.69 474.58 
-282.11 -558.74 397.18 

-17.70 -535.70 -311.87 
-56.16 -470.82 -159.87 
-53.44 -659.38 -297.42 
-38.40 -564.70 -259.12 
-502.82 -773.20 -242.18 
-120.80 -645.86 168.58 
-384.24 -597.52 540.77 
-377.65 -986.14 -565.52 
51.81 -1027.38 -458.00 
236.42 -654.34 583.89 
-36.83 -617.02 287.76 
206.91 -831.41 -103.25 
-224.42 -748.72 56.74 
-113.70 -713.39 178.45 
-133.22 -590.93 465.92 
-280.50 -559.18 422.16 

-15.60 -531.58 -311.25 
-56.03 -465.97 -155.86 
-56.10 -648.80 -296.24 
-38.11 -566.99 -253.06 
-467.98 -733.73 -221.90 
-154.50 -637.49 141.06 
-375.04 -612.91 415.97 
-361.86 -889.90 -446.77 
4.56 -1131.46 -631.06 
272.51 -620.38 739.98 
-89.60 -611.89 335.25 
238.48 -873.47 -139.25 
-227.41 -723.28 70.78 
-122.40 -720.69 163.82 
-124.29 -581.66 435.06 
-270.24 -560.30 435.87 

-15.82 -537.54 -313.54 
-63.10 -463.55 -147.89 
-58.16 -649.39 -295.02 
-30.50 -564.38 -252.62 
-447.30 -709.71 -209.30 
-183.02 -635.98 121.58 
-378.29 -622.64 317.70 
-346.48 -821.68 -367.42 
-81.12 -1252.83 -843.14 
349.38 -573.95 912.98 
-154.42 -605.58 403.63 
282.03 -938.86 -195.78 
-221.74 -693.84 94.83 
-133.06 -715.17 164.43 
-121.34 -578.91 399.71 
-254.32 -556.02 433.02 

-14.90 -545.49 -319.79 
-50.77 -475.38 -142.05 
-61.86 -650.46 -293.12 
-30.42 -569.31 -252.13 
-431.39 -694.34 -202.42 
-201.95 -631.44 110.77 
-380.34 -621.01 252.10 
-334.86 -771.01 -312.54 
-230.29 -1359.60 -1074.99 
469.10 -521.87 1056.99 
-231.46 -588.90 496.48 
354.08 -1025.50 -290.61 
-212.29 -661.58 117.49 
-145.58 -697.04 172.82 
-126.18 -568.90 365.81 
-239.23 -551.62 415.36 

-15.89 -557.94 -330.53 
-59.79 -473.92 -120.98 
-66.69 -646.27 -287.04 
-33.14 -571.92 -256.82 
-421.28 -686.45 -199.47 
-217.15 -631.70 108.24 
-387.20 -620.03 203.47 
-323.94 -736.16 -279.66 
-411.65 -1427.23 -1191.62 
622.61 -485.57 1119.65 
-316.10 -547.31 629.97 
439.06 -1137.76 -431.89 
-202.21 -632.69 137.20 
-150.70 -670.10 187.76 
-135.22 -562.43 334.46 
-223.90 -542.54 383.81 

-14.96 -576.18 -324.69 
-60.78 -475.30 -102.74 
-75.34 -654.83 -274.29 
-38.03 -581.62 -249.78 
-416.85 -689.39 -190.24 
-231.57 -625.49 116.10 
-398.96 -620.74 168.53 
-325.44 -713.34 -256.22 
-535.36 -1430.18 -1209.09 
753.42 -507.42 1038.85 
-364.24 -457.94 802.05 
532.03 -1274.48 -572.02 
-198.58 -608.19 145.31 
-152.91 -643.06 189.01 
-149.62 -558.78 306.32 
-212.50 -545.81 347.36 

