-27.36 -299.41 -511.28 
-92.61 -547.06 -476.74 
90.46 -648.75 -488.59 
112.86 -427.68 -415.17 
-172.48 -415.36 -309.86 
-162.26 -620.59 -262.85 
-154.98 -428.05 65.18 
-130.61 -497.97 76.35 
-126.05 -1018.61 1586.08 
-75.70 112.45 698.86 
-286.99 -1189.25 -623.70 
-120.82 20.14 -1501.90 
-27.68 -457.15 434.98 
-175.84 -528.85 570.62 
-75.92 -332.37 363.07 
-200.45 -266.16 478.37 

-88.26 -283.82 -544.46 
-145.39 -572.18 -487.34 
87.63 -677.98 -535.04 
113.52 -419.55 -471.47 
-190.43 -386.90 -404.24 
-181.79 -674.75 -319.36 
-149.02 -481.71 15.70 
-105.90 -475.47 -4.13 
491.94 -1092.62 1567.65 
311.58 252.35 706.51 
-569.30 -793.92 -452.86 
-896.13 -354.02 -885.15 
-32.93 -448.96 372.99 
-130.98 -513.26 521.62 
-83.87 -362.50 322.62 
-167.95 -294.61 453.22 

-160.83 -280.88 -538.66 
-204.70 -590.05 -488.38 
75.33 -711.31 -582.34 
111.06 -406.16 -541.18 
-201.04 -358.10 -503.14 
-199.36 -741.20 -373.28 
-145.04 -529.79 -19.97 
-84.86 -462.61 -67.79 
777.36 -1009.63 1265.74 
537.66 194.02 601.73 
-637.23 -323.10 -153.57 
-1303.44 -788.72 80.88 
-43.44 -452.37 333.42 
-106.61 -503.98 473.41 
-95.74 -391.70 293.15 
-152.00 -332.13 424.27 

-242.42 -287.55 -457.54 
-268.27 -557.74 -420.32 
40.26 -734.70 -619.38 
73.87 -402.03 -602.21 
-217.20 -305.55 -639.86 
-224.45 -823.18 -441.78 
-128.62 -577.26 -65.92 
-45.65 -437.36 -142.34 
853.22 -880.86 930.14 
642.98 74.51 462.11 
-480.61 104.70 186.66 
-1199.90 -1100.19 1023.06 
-52.93 -441.10 285.28 
-88.34 -488.82 419.55 
-105.33 -410.83 259.76 
-139.23 -351.68 386.48 

-292.43 -312.82 -313.89 
-302.69 -509.63 -324.53 
-20.70 -748.93 -642.32 
11.17 -400.83 -636.35 
-242.27 -242.85 -802.37 
-256.30 -924.24 -514.21 
-109.97 -630.22 -105.12 
1.52 -414.96 -210.98 
800.62 -771.87 661.86 
647.74 -61.06 345.68 
-230.43 280.62 422.18 
-786.64 -1153.74 1429.20 
-63.41 -438.96 251.49 
-78.58 -481.87 376.29 
-114.93 -427.49 237.01 
-132.82 -372.96 358.42 

-281.89 -357.95 -103.47 
-293.28 -410.93 -183.02 
-107.30 -731.68 -620.86 
-97.34 -408.21 -612.27 
-310.11 -149.84 -1014.26 
-330.02 -1052.06 -594.96 
-85.34 -701.15 -158.51 
69.87 -380.46 -308.02 
718.96 -684.53 452.75 
612.37 -177.87 241.76 
13.58 290.80 529.18 
-355.38 -1061.14 1462.56 
-68.56 -431.42 215.89 
-68.82 -470.78 334.40 
-127.90 -443.57 207.52 
-127.09 -391.01 326.16 

-187.33 -420.34 107.15 
-208.06 -309.95 -47.95 
-204.70 -668.35 -528.02 
-230.50 -449.06 -485.65 
-472.78 -33.98 -1236.58 
-463.02 -1199.34 -645.18 
-64.82 -797.44 -233.04 
151.04 -334.00 -451.50 
627.65 -620.37 276.37 
559.17 -286.96 144.10 
198.93 184.80 539.17 
-23.74 -924.64 1274.19 
-76.80 -430.38 167.12 
-58.11 -465.62 290.98 
-133.33 -466.78 174.74 
-120.21 -415.04 293.01 

-54.77 -458.10 227.60 
-102.98 -233.20 35.46 
-260.43 -569.60 -384.29 
-316.16 -494.08 -278.40 
-751.78 85.07 -1369.95 
-661.23 -1302.88 -622.50 
-54.08 -912.24 -317.84 
240.26 -269.12 -623.38 
541.12 -570.13 145.78 
499.28 -367.71 63.47 
294.11 37.39 476.10 
160.11 -792.35 1010.90 
-83.82 -423.54 119.73 
-47.95 -456.58 244.69 
-143.34 -486.48 141.49 
-115.60 -432.51 261.84 

31.87 -465.78 227.60 
-32.91 -222.67 34.72 
-257.86 -500.86 -274.90 
-323.89 -529.36 -117.07 
-1091.58 183.71 -1380.90 
-862.54 -1355.92 -532.50 
-47.44 -1036.67 -388.22 
339.86 -192.42 -802.91 
485.68 -547.15 89.57 
458.32 -413.44 33.89 
305.50 -81.62 405.04 
212.18 -707.44 802.46 
-83.57 -422.37 90.19 
-40.64 -454.43 227.26 
-147.07 -502.13 121.31 
-111.30 -445.38 245.95 

113.09 -466.22 194.51 
41.33 -222.22 19.68 
-208.56 -424.88 -150.02 
-268.26 -556.69 51.82 
-1519.14 76.83 -856.69 
-1084.30 -1149.95 -249.65 
-117.41 -1193.46 -505.25 
370.24 -78.77 -1093.33 
431.62 -520.32 -2.13 
412.51 -472.27 -28.35 
330.83 -199.89 327.18 
269.89 -637.54 610.59 
-90.99 -418.94 39.70 
-29.41 -452.83 186.67 
-160.59 -531.70 86.99 
-104.61 -467.78 213.73 

142.54 -447.82 131.73 
72.24 -240.88 -21.07 
-144.58 -393.22 -96.29 
-197.14 -554.37 119.84 
-1672.27 -201.79 -26.69 
-1135.89 -778.72 86.18 
-242.38 -1322.22 -613.12 
318.66 53.76 -1409.14 
395.54 -495.71 -59.98 
383.14 -504.67 -65.09 
327.81 -273.54 266.29 
285.14 -589.39 475.34 
-97.42 -408.14 -9.95 
-15.49 -438.18 151.22 
-171.92 -551.36 50.00 
-98.46 -479.87 187.07 

154.86 -431.57 62.30 
84.00 -265.41 -64.46 
-76.22 -390.67 -78.14 
-110.78 -548.77 131.52 
-1313.33 -663.50 973.92 
-935.90 -243.06 402.74 
-507.34 -1347.04 -695.47 
-32.35 138.42 -1651.82 
362.22 -471.79 -141.15 
352.46 -551.42 -119.18 
333.28 -346.40 200.14 
310.26 -552.02 351.12 
-120.08 -398.35 -72.02 
-3.07 -427.58 105.84 
-197.70 -580.32 12.00 
-92.14 -502.99 151.66 

146.59 -418.08 6.02 
79.71 -294.82 -105.71 
-32.98 -407.28 -98.85 
-55.30 -533.81 98.61 
-683.49 -952.82 1440.08 
-596.67 115.04 545.90 
-806.11 -1207.22 -678.27 
-619.62 101.92 -1622.98 
346.80 -453.42 -208.18 
334.00 -589.47 -167.33 
333.55 -396.40 154.86 
322.54 -526.51 270.83 
-148.98 -387.89 -130.99 
9.76 -416.62 58.37 
-229.74 -609.28 -21.57 
-86.70 -526.11 118.61 

132.56 -409.01 -35.04 
69.57 -314.86 -130.85 
-8.32 -432.14 -127.79 
-26.70 -523.50 47.31 
-177.95 -1013.97 1398.42 
-290.59 239.28 531.22 
-1045.28 -899.76 -532.85 
-1254.69 -98.78 -1186.64 
345.20 -432.66 -270.27 
329.09 -625.31 -202.74 
335.36 -430.45 126.70 
331.55 -512.19 217.54 
-189.49 -376.61 -180.93 
21.33 -405.68 8.74 
-269.89 -635.22 -50.06 
-83.55 -551.34 85.57 

119.33 -401.46 -87.79 
51.68 -341.87 -169.06 
18.45 -461.81 -168.56 
7.12 -517.41 -12.54 
200.56 -984.66 1144.26 
-14.05 240.22 427.12 
-1117.55 -312.59 -189.31 
-1737.63 -572.80 -98.67 
321.28 -396.99 -403.25 
299.47 -700.67 -284.27 
355.26 -491.52 74.16 
375.44 -488.03 122.75 
-279.20 -375.39 -187.02 
10.30 -395.41 -56.78 
-343.52 -645.07 -35.97 
-101.94 -585.86 36.74 

107.23 -392.96 -123.33 
39.55 -357.78 -195.14 
29.02 -483.02 -199.65 
22.64 -504.48 -57.84 
278.00 -862.26 824.91 
85.10 116.02 309.06 
-961.39 85.74 125.71 
-1626.75 -879.09 750.70 
310.37 -351.42 -532.69 
278.86 -768.13 -352.93 
370.11 -530.59 39.89 
409.28 -465.57 63.10 
-369.04 -374.43 -146.22 
-12.86 -382.99 -119.55 
-409.97 -626.21 3.20 
-127.49 -608.78 0.37 

95.28 -382.14 -166.50 
30.10 -373.04 -226.98 
40.34 -503.90 -241.60 
33.15 -489.71 -108.21 
264.32 -747.39 527.15 
118.38 -31.92 178.11 
-662.14 324.24 378.64 
-1175.39 -1026.77 1268.70 
258.29 -280.03 -725.95 
219.17 -872.54 -452.16 
398.24 -595.01 -18.34 
469.47 -430.72 -42.10 
-458.27 -395.82 20.42 
-88.82 -383.50 -152.93 
-463.63 -548.11 113.06 
-191.57 -611.01 -23.78 

85.54 -375.06 -197.01 
16.11 -387.63 -252.85 
44.16 -520.59 -270.21 
44.67 -483.17 -149.22 
178.56 -657.89 329.89 
87.57 -159.71 93.25 
-430.53 298.94 464.08 
-759.14 -969.86 1256.85 
190.62 -192.43 -934.08 
148.27 -984.46 -535.12 
426.45 -651.79 -61.70 
535.65 -392.37 -130.14 
-479.76 -423.07 223.84 
-188.26 -396.80 -138.75 
-460.80 -453.30 237.55 
-264.35 -591.65 -13.58 

75.54 -371.15 -238.62 
13.06 -416.11 -288.18 
51.34 -543.57 -304.61 
47.23 -480.50 -189.63 
90.58 -591.57 166.70 
37.57 -276.50 13.04 
-264.16 176.66 455.26 
-449.50 -866.83 1063.20 
31.10 -81.28 -1163.41 
10.69 -1114.32 -602.67 
458.59 -747.04 -128.27 
623.90 -340.51 -261.86 
-419.06 -462.78 460.19 
-314.61 -437.49 -28.10 
-397.10 -343.76 378.19 
-347.97 -529.95 58.51 

68.99 -366.42 -270.02 
5.66 -432.08 -310.67 
54.45 -560.18 -330.06 
47.36 -476.21 -219.62 
14.59 -547.79 66.88 
-11.15 -354.91 -38.74 
-196.14 24.43 394.62 
-307.09 -760.85 822.90 
-226.70 42.03 -1336.78 
-176.43 -1228.34 -616.94 
484.30 -852.34 -191.57 
724.14 -275.09 -412.27 
-311.41 -487.98 597.82 
-404.70 -486.72 136.91 
-304.51 -277.17 459.82 
-398.77 -445.74 160.00 

60.46 -360.85 -311.98 
-4.64 -443.95 -338.38 
60.91 -575.97 -356.56 
65.42 -472.42 -249.79 
-46.51 -514.50 -18.93 
-54.14 -424.34 -84.40 
-167.17 -110.26 318.64 
-227.26 -675.28 602.66 
-631.81 107.07 -1292.06 
-425.78 -1248.19 -509.20 
486.22 -985.89 -288.11 
823.68 -179.92 -627.31 
-193.15 -496.40 651.58 
-434.29 -534.22 336.24 
-207.44 -247.02 495.42 
-407.01 -355.98 288.58 

56.43 -346.61 -346.22 
-6.46 -463.58 -372.19 
68.58 -582.19 -374.43 
73.68 -460.32 -273.89 
-82.99 -488.88 -67.62 
-81.71 -458.29 -111.66 
-165.52 -198.50 256.56 
-205.44 -612.22 442.91 
-1037.60 76.43 -950.58 
-637.92 -1142.72 -292.35 
461.66 -1131.04 -379.66 
916.53 -52.54 -890.18 
-119.33 -485.98 622.93 
-400.00 -546.29 464.58 
-148.69 -251.12 480.96 
-374.69 -294.82 377.02 

36.42 -336.13 -404.42 
-29.26 -494.70 -415.97 
77.23 -604.82 -413.04 
93.36 -454.61 -321.90 
-126.40 -457.82 -160.83 
-117.12 -522.16 -169.68 
-154.64 -298.99 177.76 
-163.50 -559.23 278.24 
-1201.86 -297.60 96.38 
-693.06 -712.00 138.91 
304.24 -1276.30 -520.24 
827.63 72.77 -1251.76 
-52.21 -478.02 571.89 
-319.28 -555.31 580.80 
-93.73 -270.53 450.29 
-309.30 -248.70 465.65 

14.16 -317.86 -460.22 
-53.26 -518.78 -443.65 
85.79 -624.77 -447.12 
99.97 -444.02 -369.44 
-150.37 -437.62 -223.44 
-139.23 -564.98 -210.42 
-158.98 -364.99 123.22 
-151.39 -528.51 180.93 
-846.22 -702.74 1034.69 
-484.35 -267.39 490.64 
61.44 -1339.65 -618.88 
542.30 146.06 -1542.86 
-32.74 -467.70 505.89 
-242.69 -546.96 596.24 
-79.84 -301.25 404.30 
-250.82 -249.87 487.90 

