-19.14 -578.46 -402.06 
-68.40 -506.13 -116.11 
-62.56 -658.50 -278.26 
-2.43 -574.62 -303.01 
-421.98 -619.25 -248.67 
-253.86 -667.26 100.35 
-412.24 -633.33 150.30 
-302.30 -653.20 -273.44 
-585.52 -992.37 -1014.72 
802.75 -799.84 1036.69 
-516.06 -695.71 1079.50 
693.02 -868.75 -1048.16 
-158.82 -537.54 174.35 
-125.34 -550.05 239.22 
-110.16 -524.03 338.75 
-174.02 -550.83 346.67 

-31.26 -597.30 -423.94 
-72.38 -514.93 -88.53 
-72.70 -670.38 -266.94 
-5.54 -582.61 -315.26 
-423.15 -626.69 -280.61 
-264.50 -678.37 111.42 
-416.45 -637.63 132.26 
-288.45 -644.91 -275.97 
-465.98 -1001.14 -749.15 
767.68 -784.67 801.84 
-471.44 -593.62 1272.05 
586.29 -929.55 -1190.99 
-149.54 -525.58 175.76 
-118.14 -529.47 251.07 
-114.69 -517.06 321.02 
-166.70 -536.05 321.94 

-33.54 -613.68 -460.32 
-61.02 -532.82 -67.60 
-78.05 -682.58 -243.20 
12.29 -598.85 -329.18 
-411.09 -646.05 -292.59 
-260.70 -679.65 153.63 
-428.99 -628.69 138.53 
-291.12 -648.66 -255.84 
-385.46 -933.04 -562.30 
630.53 -811.84 598.21 
-326.64 -645.25 1316.74 
482.38 -874.00 -1326.19 
-145.66 -515.70 189.01 
-122.53 -513.17 261.44 
-119.38 -508.56 318.19 
-164.29 -526.19 303.20 

-45.97 -630.91 -494.18 
-50.37 -549.92 -36.16 
-87.68 -698.03 -217.86 
19.95 -619.22 -351.86 
-413.66 -668.08 -337.12 
-263.65 -690.38 202.77 
-443.89 -632.85 141.10 
-275.55 -655.44 -261.14 
-260.16 -882.69 -414.29 
522.18 -791.04 443.71 
-162.32 -661.15 1216.93 
299.12 -890.06 -1184.51 
-140.51 -508.40 190.69 
-120.10 -500.66 266.02 
-124.30 -504.43 311.17 
-167.73 -519.95 289.52 

-40.11 -645.74 -512.02 
-17.02 -552.06 -18.66 
-91.02 -698.75 -167.39 
26.82 -636.75 -348.59 
-408.27 -717.57 -335.06 
-259.28 -663.90 305.49 
-478.90 -618.85 160.11 
-289.81 -672.13 -247.76 
-215.02 -813.17 -356.66 
391.65 -793.90 321.82 
-18.72 -762.24 966.99 
231.82 -826.27 -1086.98 
-146.56 -505.33 194.77 
-123.41 -495.44 263.68 
-134.22 -500.43 309.81 
-175.18 -515.98 275.26 

-64.86 -644.27 -528.58 
-9.01 -559.54 -21.46 
-88.29 -715.17 -142.93 
36.69 -654.86 -388.77 
-408.03 -754.48 -428.10 
-251.54 -677.86 401.76 
-502.93 -628.91 185.63 
-268.11 -690.90 -264.38 
-123.54 -779.25 -274.13 
335.38 -755.33 258.70 
31.49 -761.95 758.26 
132.08 -818.32 -810.08 
-141.01 -502.59 197.07 
-121.57 -485.28 270.66 
-134.27 -498.14 311.17 
-170.43 -510.58 269.39 

-89.76 -641.58 -507.44 
-13.15 -555.87 -26.83 
-91.81 -731.55 -129.81 
23.42 -663.66 -424.67 
-424.45 -783.55 -598.77 
-240.11 -711.42 517.36 
-528.00 -653.79 209.09 
-224.19 -711.36 -308.21 
-41.89 -756.99 -220.80 
310.98 -718.46 217.92 
65.18 -717.12 601.78 
96.66 -814.54 -537.81 
-136.34 -503.10 192.69 
-115.62 -480.48 273.34 
-132.85 -499.50 311.44 
-170.78 -505.39 272.37 

-94.93 -629.71 -476.94 
-9.81 -546.29 -47.10 
-83.55 -735.58 -119.47 
14.14 -666.56 -444.78 
-453.66 -824.61 -789.23 
-201.90 -712.75 694.29 
-572.48 -670.13 259.55 
-181.84 -743.22 -353.62 
5.14 -735.87 -192.19 
281.87 -692.99 190.75 
79.98 -695.58 474.32 
95.42 -777.68 -378.59 
-134.14 -506.70 191.74 
-112.54 -479.46 275.46 
-135.87 -501.09 312.90 
-170.19 -502.27 269.76 

-90.27 -614.27 -445.18 
-13.01 -533.60 -77.73 
-68.59 -732.45 -127.39 
-3.47 -665.26 -441.55 
-519.33 -860.56 -1004.86 
-121.39 -690.96 901.79 
-638.35 -685.70 335.44 
-129.70 -789.81 -419.81 
28.40 -720.56 -175.31 
258.48 -685.30 169.54 
84.67 -682.05 374.74 
103.58 -743.52 -278.66 
-132.59 -513.54 187.94 
-111.22 -481.73 276.62 
-138.00 -507.10 319.15 
-171.31 -504.93 271.14 

-78.82 -594.51 -414.53 
-21.54 -517.17 -106.34 
-54.24 -719.44 -148.86 
-18.35 -654.00 -424.72 
-637.66 -878.67 -1217.17 
12.86 -647.78 1088.86 
-722.46 -692.82 444.00 
-58.56 -837.70 -522.54 
48.37 -707.60 -169.44 
241.74 -675.09 158.05 
87.47 -664.58 306.13 
115.02 -712.51 -214.34 
-132.06 -519.68 180.38 
-109.66 -482.35 275.33 
-141.76 -509.71 325.92 
-176.18 -508.82 272.26 

-67.25 -577.18 -389.78 
-28.21 -503.63 -128.42 
-44.46 -706.61 -177.23 
-22.91 -634.38 -393.07 
-795.14 -881.20 -1334.66 
182.37 -618.19 1174.18 
-816.62 -685.98 600.67 
29.07 -893.17 -670.00 
61.42 -702.62 -169.66 
227.94 -670.83 155.84 
86.90 -652.93 259.47 
124.58 -688.94 -164.94 
-133.94 -529.54 170.54 
-105.44 -488.18 272.38 
-144.21 -518.64 340.02 
-181.25 -513.17 271.30 

-56.90 -562.91 -370.51 
-39.52 -493.06 -146.70 
-38.43 -693.78 -208.90 
-32.91 -615.42 -365.28 
-937.01 -875.39 -1295.70 
313.17 -633.50 1105.76 
-899.66 -661.54 807.81 
118.18 -940.69 -874.54 
72.58 -704.93 -173.68 
219.41 -673.26 161.47 
84.32 -645.39 230.11 
132.90 -674.72 -131.31 
-132.94 -547.52 157.98 
-103.10 -498.11 270.24 
-148.38 -530.10 359.18 
-184.56 -518.00 282.58 

-47.76 -552.59 -357.81 
-47.52 -483.86 -159.07 
-38.00 -681.76 -238.19 
-32.34 -606.08 -347.62 
-984.51 -869.33 -1113.20 
346.75 -674.43 914.51 
-930.10 -610.11 1037.73 
165.82 -973.20 -1099.60 
79.25 -711.98 -184.22 
211.63 -675.68 174.94 
80.13 -639.36 207.50 
141.78 -665.84 -111.36 
-133.54 -566.99 144.10 
-100.08 -509.95 268.48 
-151.58 -540.67 383.81 
-193.49 -527.98 292.48 

-40.13 -541.23 -347.81 
-51.34 -474.35 -168.80 
-37.23 -666.18 -256.94 
-36.86 -583.18 -323.49 
-934.34 -848.86 -869.65 
284.22 -718.02 691.09 
-872.54 -568.16 1214.18 
120.67 -971.54 -1293.73 
83.34 -718.91 -211.63 
203.63 -682.78 189.63 
72.48 -636.42 195.87 
150.94 -658.80 -99.33 
-139.17 -586.40 117.38 
-93.54 -523.09 258.94 
-152.64 -554.35 410.18 
-198.96 -540.11 305.36 

-32.64 -532.74 -339.63 
-53.25 -465.89 -174.11 
-37.22 -653.47 -270.61 
-33.70 -570.00 -310.86 
-834.80 -815.49 -663.70 
175.66 -738.10 497.47 
-737.12 -570.37 1257.76 
-9.52 -960.22 -1351.23 
83.22 -733.38 -239.68 
198.14 -693.55 221.78 
65.04 -635.57 194.54 
161.68 -656.93 -95.87 
-145.76 -608.34 91.86 
-86.13 -541.14 246.69 
-151.54 -565.82 443.52 
-214.30 -544.42 320.11 

-28.27 -526.43 -333.52 
-56.70 -461.30 -178.19 
-37.87 -645.17 -279.49 
-29.50 -559.06 -297.52 
-728.26 -773.86 -509.25 
63.94 -742.50 351.82 
-582.56 -607.23 1153.97 
-162.50 -942.32 -1240.18 
83.18 -755.84 -286.02 
191.46 -711.25 266.77 
51.54 -639.79 195.20 
175.18 -659.07 -97.41 
-156.69 -632.10 61.28 
-79.47 -563.18 231.90 
-144.38 -578.62 478.88 
-226.14 -560.16 343.46 

-23.94 -524.51 -334.42 
-58.59 -458.85 -175.23 
-35.90 -639.15 -287.66 
-28.67 -552.86 -288.45 
-639.18 -733.95 -405.02 
-24.67 -725.58 257.25 
-477.15 -651.90 952.22 
-273.65 -911.65 -1030.56 
78.27 -784.82 -354.82 
187.71 -733.94 331.65 
31.95 -648.99 207.31 
193.62 -669.87 -106.80 
-173.30 -649.62 37.18 
-73.50 -589.87 212.46 
-130.69 -589.33 503.78 
-242.56 -577.01 370.83 

-20.27 -523.52 -331.09 
-58.26 -459.07 -176.08 
-43.20 -634.67 -292.78 
-23.63 -548.61 -280.83 
-560.54 -703.78 -321.52 
-86.70 -701.12 194.10 
-426.80 -660.62 748.75 
-340.37 -879.38 -784.08 
71.20 -813.97 -479.07 
189.54 -770.10 418.27 
14.03 -663.95 225.12 
228.13 -681.18 -129.95 
-199.04 -657.71 27.42 
-71.82 -613.46 183.60 
-120.45 -594.27 515.79 
-250.37 -592.29 396.88 

-20.42 -524.77 -335.70 
-62.96 -461.25 -176.77 
-41.68 -633.09 -298.69 
-27.92 -546.06 -280.75 
-525.42 -666.19 -295.74 
-144.59 -698.74 137.23 
-395.60 -688.24 551.44 
-336.40 -816.90 -641.89 
43.25 -865.44 -592.16 
195.07 -783.95 569.60 
-32.56 -677.39 259.50 
249.01 -704.03 -158.35 
-201.34 -654.74 39.42 
-78.45 -632.88 178.35 
-96.11 -590.18 504.93 
-250.96 -592.14 427.57 

-18.14 -527.63 -337.76 
-64.10 -463.06 -174.21 
-44.34 -633.62 -300.13 
-24.21 -546.24 -278.74 
-491.01 -646.38 -263.20 
-179.82 -682.91 110.35 
-393.74 -680.34 416.67 
-339.49 -771.34 -509.22 
0.08 -910.83 -787.73 
230.42 -800.96 753.25 
-82.38 -697.22 306.29 
296.74 -731.20 -205.95 
-206.50 -640.69 66.85 
-87.82 -641.20 168.82 
-88.58 -583.52 478.74 
-238.03 -600.80 444.48 

-15.34 -537.65 -343.79 
-63.63 -469.57 -170.59 
-45.78 -636.78 -299.66 
-18.48 -547.57 -278.16 
-464.34 -635.57 -237.23 
-202.69 -672.00 98.34 
-399.15 -664.51 325.94 
-339.09 -741.12 -405.73 
-88.30 -933.70 -1047.17 
301.95 -829.57 959.46 
-143.26 -728.19 382.02 
374.40 -764.30 -281.70 
-207.07 -622.11 95.70 
-105.02 -642.43 168.24 
-91.09 -576.40 447.78 
-227.97 -602.56 441.25 

-18.19 -542.45 -353.38 
-66.77 -475.25 -164.26 
-48.98 -639.65 -301.12 
-18.08 -554.35 -287.95 
-456.05 -622.29 -240.62 
-225.62 -671.57 83.39 
-396.90 -660.46 250.83 
-322.88 -703.90 -361.09 
-240.42 -979.84 -1207.18 
437.30 -784.90 1179.33 
-249.07 -741.82 487.07 
441.47 -803.54 -392.98 
-190.34 -596.46 121.49 
-112.80 -624.16 189.92 
-90.40 -562.80 410.99 
-206.06 -590.35 428.61 

-16.02 -551.23 -362.53 
-66.70 -483.28 -151.90 
-51.01 -642.69 -293.58 
-15.70 -555.65 -286.19 
-436.64 -616.83 -236.08 
-236.48 -664.37 79.70 
-400.64 -645.86 202.46 
-316.24 -681.12 -316.14 
-423.46 -980.26 -1317.41 
611.78 -777.04 1283.20 
-358.82 -752.40 641.23 
547.89 -834.58 -562.11 
-179.47 -573.30 142.78 
-120.99 -599.82 205.04 
-97.25 -548.19 379.70 
-194.37 -581.79 403.52 

-20.38 -564.99 -387.52 
-70.90 -496.32 -141.87 
-54.50 -654.26 -291.79 
-7.63 -563.55 -295.23 
-425.26 -619.18 -247.95 
-241.14 -670.10 82.69 
-400.94 -638.19 172.83 
-301.95 -668.16 -288.82 
-566.74 -1037.92 -1170.88 
752.45 -738.34 1238.80 
-474.83 -732.85 831.04 
629.04 -869.17 -821.79 
-162.58 -556.70 166.45 
-125.17 -576.93 237.22 
-99.23 -533.47 360.32 
-178.35 -561.10 382.40 

