-10.42 -594.27 -351.82 
-61.58 -497.34 -96.67 
-79.98 -659.04 -285.52 
-24.62 -584.02 -257.46 
-387.68 -639.02 -171.74 
-263.55 -623.58 60.86 
-374.22 -604.03 85.70 
-314.02 -641.41 -199.41 
-1369.12 -1674.96 -1583.42 
1289.70 -284.18 1224.98 
-803.06 -76.46 1286.88 
1283.78 -1635.04 -1583.60 
-180.74 -574.35 170.54 
-168.86 -615.09 215.30 
-147.94 -541.20 273.68 
-198.70 -533.31 332.74 

-12.98 -633.68 -384.45 
-67.84 -504.03 -42.69 
-93.52 -667.25 -266.70 
-15.76 -605.50 -269.94 
-383.57 -651.10 -186.24 
-270.85 -625.58 80.22 
-382.48 -601.97 72.45 
-306.80 -632.85 -195.25 
-934.24 -1437.95 -872.94 
1080.70 -515.81 816.16 
-635.95 200.35 1673.04 
1292.67 -1754.51 -2456.75 
-171.01 -556.05 178.86 
-159.28 -580.98 229.28 
-157.01 -530.98 259.52 
-197.71 -519.31 301.44 

-21.62 -687.06 -428.11 
-66.61 -513.17 26.83 
-112.50 -681.87 -235.41 
-12.80 -632.62 -280.78 
-382.03 -675.34 -207.50 
-279.38 -632.86 110.02 
-392.37 -604.50 67.95 
-298.59 -635.33 -193.38 
-536.45 -1200.53 -481.86 
822.22 -637.06 532.48 
-242.56 216.67 1807.49 
711.65 -1769.55 -2682.67 
-165.02 -545.94 182.05 
-155.87 -558.72 240.30 
-162.98 -527.79 250.03 
-197.44 -512.02 277.79 

-38.21 -741.09 -484.64 
-48.50 -519.39 99.66 
-135.12 -694.77 -193.33 
-1.17 -670.53 -303.39 
-379.95 -709.09 -238.03 
-287.54 -635.78 157.62 
-405.87 -605.95 71.47 
-291.42 -642.06 -193.14 
-282.82 -1020.11 -290.53 
606.91 -678.40 367.26 
90.24 -34.46 1592.27 
135.94 -1663.39 -2047.26 
-160.61 -537.68 184.46 
-153.54 -541.12 245.04 
-167.18 -522.85 244.77 
-199.76 -505.12 261.02 

-67.57 -787.10 -535.38 
-7.86 -519.62 157.74 
-159.78 -705.74 -132.22 
12.10 -720.69 -338.88 
-376.93 -762.75 -293.36 
-299.42 -636.85 232.13 
-424.62 -611.54 79.73 
-280.72 -656.48 -200.10 
-129.44 -894.35 -190.35 
462.88 -681.31 265.58 
220.46 -312.86 1205.73 
-60.35 -1444.77 -1254.42 
-156.61 -533.95 185.41 
-150.50 -530.05 249.55 
-171.52 -520.93 240.08 
-202.08 -500.67 251.41 

-103.71 -805.46 -552.90 
42.77 -526.11 166.74 
-176.38 -713.38 -58.19 
18.75 -773.22 -387.55 
-372.70 -841.15 -385.38 
-314.82 -630.18 343.44 
-454.67 -617.02 95.54 
-265.17 -681.68 -211.76 
-40.34 -807.92 -138.90 
372.02 -668.56 206.11 
226.46 -486.62 855.98 
-52.14 -1217.44 -719.20 
-155.23 -531.95 190.54 
-148.11 -523.92 252.38 
-173.33 -519.66 238.82 
-200.62 -494.51 244.90 

-125.23 -787.06 -525.20 
74.03 -522.16 126.96 
-169.04 -711.76 13.94 
15.79 -816.00 -433.30 
-373.50 -959.38 -543.23 
-331.87 -598.26 520.48 
-489.02 -624.26 125.62 
-244.66 -718.10 -231.44 
13.86 -754.03 -109.14 
312.80 -653.31 169.10 
195.79 -565.79 602.37 
4.30 -1036.24 -418.11 
-153.18 -531.63 185.87 
-147.01 -518.83 254.32 
-176.93 -518.43 240.30 
-201.57 -491.28 236.98 

-117.22 -739.63 -468.82 
71.49 -518.56 59.98 
-134.13 -707.82 46.88 
-7.34 -835.22 -461.30 
-377.14 -1134.34 -836.74 
-334.11 -511.41 781.38 
-547.98 -630.90 166.05 
-210.70 -770.53 -265.36 
48.38 -719.78 -92.34 
275.22 -639.70 144.18 
166.37 -593.76 436.70 
43.22 -910.61 -253.55 
-152.67 -535.22 183.07 
-144.88 -516.98 254.54 
-179.22 -521.55 243.90 
-204.64 -492.03 240.62 

-100.26 -686.11 -412.67 
51.52 -511.09 -7.20 
-88.94 -703.02 28.61 
-38.11 -817.62 -447.58 
-442.10 -1365.52 -1361.98 
-277.39 -324.98 1140.03 
-635.76 -632.94 230.61 
-149.15 -861.38 -324.11 
69.82 -698.13 -85.74 
250.72 -631.25 131.33 
148.14 -598.64 330.16 
74.43 -826.96 -156.70 
-150.93 -539.86 181.52 
-141.97 -517.65 255.90 
-182.93 -523.82 250.85 
-202.94 -490.03 238.78 

-77.47 -634.74 -375.60 
29.06 -500.40 -65.44 
-51.18 -698.53 -31.90 
-58.74 -772.66 -403.63 
-702.83 -1595.52 -2102.03 
-65.55 -22.64 1520.21 
-768.05 -611.39 340.75 
-45.82 -991.54 -430.30 
84.83 -682.94 -82.34 
231.98 -626.48 122.00 
132.67 -596.30 261.10 
93.65 -771.41 -101.55 
-151.23 -552.21 176.85 
-141.34 -520.11 254.82 
-186.82 -527.58 261.79 
-208.50 -492.75 238.83 

-57.71 -595.12 -341.70 
2.50 -490.98 -106.74 
-34.77 -690.91 -102.50 
-63.57 -722.83 -354.26 
-1294.10 -1720.86 -2712.00 
326.45 245.90 1706.10 
-943.57 -545.97 519.52 
147.38 -1179.79 -648.72 
96.18 -675.89 -85.07 
221.38 -621.57 119.06 
127.54 -590.35 218.54 
108.40 -736.58 -67.06 
-149.09 -563.41 169.66 
-138.24 -527.74 254.02 
-192.19 -535.54 276.03 
-215.23 -498.51 241.84 

-38.98 -565.74 -326.14 
-13.71 -479.28 -134.99 
-28.96 -682.88 -169.50 
-57.33 -675.82 -319.34 
-1827.81 -1738.91 -2467.09 
714.40 248.86 1533.50 
-1150.48 -371.70 811.94 
437.89 -1435.87 -1069.06 
104.30 -677.18 -82.42 
210.61 -620.88 127.15 
115.62 -585.28 188.21 
117.39 -711.38 -47.57 
-150.51 -587.15 158.34 
-135.87 -535.41 252.69 
-198.75 -545.57 297.22 
-219.94 -501.58 257.49 

-32.75 -545.54 -313.68 
-28.10 -469.63 -149.01 
-32.37 -671.92 -216.99 
-54.93 -631.52 -294.13 
-1795.33 -1601.34 -1647.78 
794.90 -39.63 1124.64 
-1260.02 -86.96 1222.78 
777.41 -1681.52 -1820.56 
109.18 -682.82 -87.50 
203.10 -621.90 141.23 
109.10 -582.30 171.38 
122.48 -698.67 -30.34 
-148.14 -617.25 136.34 
-130.35 -550.85 250.00 
-204.94 -555.65 330.90 
-229.46 -504.03 262.88 

-26.99 -530.53 -307.70 
-39.14 -462.46 -164.53 
-34.98 -663.63 -250.54 
-46.93 -604.38 -271.46 
-1360.21 -1383.04 -931.31 
619.06 -333.42 731.20 
-1118.53 206.53 1632.18 
714.14 -1820.77 -2661.41 
113.54 -695.82 -101.31 
195.26 -626.13 157.92 
98.62 -583.38 161.31 
129.94 -691.42 -24.10 
-150.22 -660.18 107.47 
-123.90 -571.02 244.38 
-213.68 -566.94 376.37 
-242.30 -516.40 277.70 

-21.10 -520.24 -301.81 
-41.92 -460.93 -172.51 
-37.63 -654.35 -274.30 
-46.06 -583.95 -266.83 
-981.14 -1148.70 -548.54 
364.08 -522.51 458.99 
-727.12 226.16 1788.10 
119.22 -1791.14 -2837.33 
115.33 -719.42 -121.30 
188.16 -632.14 188.82 
87.23 -583.36 158.03 
136.32 -691.30 -20.43 
-157.06 -715.41 64.70 
-114.50 -599.33 235.04 
-216.19 -576.38 441.09 
-260.99 -528.56 303.73 

-18.11 -514.42 -298.93 
-41.41 -460.91 -176.18 
-37.25 -648.77 -288.98 
-40.22 -569.09 -252.32 
-743.49 -970.66 -364.72 
159.18 -605.58 298.27 
-391.98 -37.17 1569.50 
-405.04 -1632.96 -2170.98 
117.54 -755.81 -152.32 
178.70 -641.17 237.28 
73.58 -586.43 157.86 
144.19 -697.76 -17.57 
-172.29 -793.30 13.76 
-102.27 -638.54 218.06 
-205.06 -581.57 515.57 
-282.21 -541.81 337.15 

-11.81 -514.83 -299.86 
-54.85 -456.16 -177.60 
-40.50 -644.82 -298.88 
-44.05 -562.14 -246.58 
-558.72 -861.17 -242.80 
30.45 -612.64 199.58 
-259.28 -268.08 1172.50 
-579.89 -1454.03 -1197.82 
129.20 -810.21 -237.39 
171.82 -668.14 289.70 
62.86 -598.38 168.96 
167.90 -713.49 -29.38 
-230.50 -843.17 -52.30 
-83.26 -699.65 171.09 
-191.97 -589.07 580.69 
-308.18 -564.56 374.38 

-14.29 -516.26 -300.58 
-52.05 -462.85 -180.43 
-46.13 -648.64 -309.10 
-38.91 -558.90 -246.61 
-520.13 -772.67 -220.00 
-83.46 -647.49 134.29 
-255.39 -514.06 805.81 
-514.72 -1161.97 -844.45 
126.78 -901.82 -297.17 
154.02 -662.40 413.42 
26.99 -604.96 187.95 
170.61 -741.94 -35.07 
-250.74 -873.95 -67.20 
-76.69 -758.05 158.58 
-129.36 -588.69 617.68 
-328.94 -566.14 450.40 

-16.19 -517.49 -304.48 
-57.65 -465.36 -181.74 
-49.18 -648.80 -315.49 
-38.70 -561.63 -247.76 
-482.27 -720.35 -208.72 
-150.93 -653.65 87.18 
-277.54 -604.48 532.40 
-431.78 -984.03 -579.01 
104.61 -1036.02 -432.94 
128.64 -634.54 592.48 
-18.35 -615.55 207.49 
187.22 -778.62 -60.51 
-262.77 -868.85 -18.40 
-92.22 -814.34 150.22 
-74.69 -577.73 598.91 
-337.04 -552.06 534.96 

-12.13 -515.50 -300.98 
-56.46 -459.33 -170.93 
-50.75 -640.16 -312.42 
-38.99 -549.97 -247.90 
-438.67 -679.02 -175.33 
-182.77 -632.69 70.59 
-313.42 -617.20 367.55 
-398.05 -855.01 -397.23 
120.05 -1196.48 -755.42 
142.30 -587.47 848.35 
-77.52 -615.60 257.25 
228.06 -824.51 -84.48 
-284.59 -808.43 7.30 
-99.20 -837.74 83.30 
-71.98 -590.24 522.86 
-315.02 -563.22 554.75 

-11.20 -525.60 -306.13 
-59.82 -466.27 -170.37 
-53.66 -645.23 -315.33 
-37.22 -554.58 -247.79 
-420.62 -659.04 -166.24 
-213.01 -633.66 56.40 
-337.95 -625.10 255.10 
-369.17 -774.27 -307.62 
51.70 -1430.32 -1287.90 
213.62 -455.39 1216.85 
-168.80 -619.49 324.61 
293.90 -908.30 -132.34 
-264.58 -749.84 68.45 
-132.78 -830.30 90.56 
-81.18 -589.78 446.42 
-270.61 -565.63 553.63 

-11.55 -538.21 -314.86 
-61.95 -475.66 -159.54 
-58.94 -651.38 -312.93 
-28.21 -562.94 -247.60 
-411.09 -647.81 -167.17 
-233.90 -633.42 49.25 
-353.70 -626.62 184.86 
-349.52 -723.79 -263.55 
-227.31 -1670.94 -2033.81 
443.15 -227.60 1607.30 
-303.52 -602.85 433.07 
402.45 -1032.98 -232.83 
-236.18 -692.10 115.01 
-156.06 -785.01 126.54 
-100.80 -584.51 383.26 
-230.42 -566.13 507.71 

-10.56 -545.90 -318.91 
-66.42 -466.90 -136.85 
-62.30 -646.50 -304.53 
-30.50 -561.92 -247.81 
-397.42 -634.72 -162.24 
-244.59 -623.33 47.73 
-360.72 -612.02 136.91 
-331.20 -680.70 -230.58 
-861.26 -1793.86 -2675.09 
859.15 -23.79 1811.10 
-491.70 -526.90 611.54 
602.94 -1201.70 -430.90 
-213.73 -636.91 140.62 
-167.98 -717.86 157.98 
-120.51 -565.15 330.21 
-210.98 -553.10 437.33 

-10.08 -566.70 -332.08 
-74.59 -482.93 -118.91 
-70.27 -653.01 -297.65 
-32.32 -572.43 -252.98 
-392.02 -633.78 -167.18 
-255.07 -623.09 50.88 
-366.80 -607.63 105.07 
-322.11 -660.22 -210.91 
-1421.18 -1810.64 -2418.96 
1232.51 -47.66 1641.07 
-697.79 -359.73 893.14 
919.15 -1424.90 -840.19 
-194.13 -601.14 158.85 
-168.03 -661.18 191.57 
-136.00 -553.18 296.10 
-204.27 -543.28 379.23 

