17.90 -306.43 -515.57 
-61.66 -565.82 -491.70 
89.84 -638.06 -460.18 
111.09 -454.43 -382.50 
-218.56 -428.62 -249.63 
-197.71 -600.24 -220.70 
-196.32 -467.97 21.50 
-170.34 -485.66 5.02 
300.83 -1743.01 2707.34 
25.79 608.08 933.54 
-365.20 -1664.91 -810.19 
273.52 705.92 -2593.73 
-21.63 -457.25 386.03 
-120.61 -527.54 578.77 
-74.34 -357.74 330.85 
-159.10 -269.36 489.39 

-30.11 -272.03 -595.76 
-105.60 -610.67 -541.26 
103.57 -662.03 -502.59 
135.18 -433.55 -446.72 
-213.55 -407.33 -301.65 
-196.67 -625.97 -254.61 
-195.36 -490.10 -4.51 
-164.05 -469.31 -37.12 
1148.06 -1500.85 1971.68 
570.34 586.64 760.40 
-939.74 -1100.00 -699.78 
-1542.61 39.68 -1930.85 
-42.24 -444.45 334.98 
-94.22 -504.51 499.60 
-93.10 -380.11 296.96 
-142.00 -304.96 438.75 

-119.25 -239.12 -666.42 
-183.54 -656.40 -570.40 
115.78 -700.80 -555.17 
159.81 -423.49 -516.46 
-199.06 -386.85 -370.96 
-189.50 -665.18 -294.69 
-192.90 -511.14 -22.35 
-151.42 -459.63 -66.80 
1199.47 -1138.16 1223.06 
752.34 325.25 535.12 
-1037.58 -175.54 -247.31 
-2511.50 -1157.04 266.62 
-60.18 -439.84 303.01 
-86.27 -490.40 436.98 
-108.90 -398.88 274.72 
-137.97 -336.70 399.30 

-279.89 -229.36 -605.74 
-308.40 -648.06 -513.94 
90.38 -749.63 -626.77 
150.96 -391.78 -628.53 
-191.79 -346.10 -495.84 
-196.51 -741.31 -368.94 
-177.04 -551.36 -59.71 
-117.81 -442.93 -124.66 
1046.61 -878.90 700.22 
766.62 66.58 329.07 
-549.71 618.19 314.38 
-1747.42 -1840.86 2185.55 
-73.58 -435.07 262.98 
-77.68 -478.37 378.11 
-122.83 -419.15 243.81 
-133.25 -366.22 357.54 

-414.43 -279.58 -365.71 
-403.31 -561.57 -353.63 
18.18 -793.47 -688.26 
74.93 -378.53 -728.48 
-183.98 -288.94 -666.90 
-209.68 -850.85 -451.49 
-157.17 -601.18 -95.49 
-75.06 -431.25 -182.85 
836.91 -725.06 399.22 
681.22 -140.16 191.71 
-0.26 704.42 594.77 
-551.44 -1608.66 2322.59 
-83.86 -437.47 229.79 
-73.86 -476.45 335.38 
-134.18 -439.47 222.96 
-132.90 -393.97 322.18 

-415.28 -352.02 -64.70 
-389.30 -436.08 -172.32 
-88.35 -810.75 -711.76 
-57.10 -371.34 -781.25 
-149.62 -197.39 -879.34 
-209.73 -980.90 -542.19 
-127.94 -636.42 -110.24 
-20.88 -412.67 -216.18 
668.34 -638.58 265.14 
583.18 -263.12 137.84 
243.20 446.61 611.92 
5.36 -1191.71 1762.91 
-89.15 -434.66 212.14 
-75.71 -471.82 309.47 
-139.70 -446.86 210.05 
-134.90 -405.41 305.68 

-234.77 -462.67 274.19 
-245.65 -249.52 39.49 
-257.70 -725.94 -611.28 
-293.33 -424.59 -635.79 
-200.53 -28.62 -1240.67 
-292.66 -1191.33 -657.71 
-87.97 -711.52 -165.86 
74.46 -374.88 -310.34 
541.07 -577.54 139.38 
498.32 -355.90 66.22 
372.32 183.41 527.52 
272.83 -903.89 1241.30 
-93.76 -430.50 178.70 
-70.86 -464.05 272.99 
-146.58 -460.16 184.10 
-131.79 -418.86 275.57 

-12.86 -510.26 375.58 
-71.55 -164.93 108.45 
-358.38 -578.10 -412.10 
-460.48 -507.30 -315.97 
-384.77 233.52 -1695.02 
-468.27 -1454.67 -732.80 
-42.51 -810.72 -216.46 
199.28 -321.87 -428.59 
454.78 -543.54 70.67 
435.79 -414.67 25.89 
384.53 -29.82 419.58 
328.69 -735.46 860.61 
-94.90 -426.11 149.26 
-66.18 -459.18 243.07 
-151.62 -472.93 158.94 
-129.92 -430.83 258.96 

109.71 -500.10 313.20 
31.44 -167.90 84.86 
-339.44 -452.83 -227.10 
-449.33 -564.90 -26.64 
-814.70 615.89 -2175.15 
-759.57 -1721.15 -710.42 
11.31 -943.92 -266.66 
376.02 -241.17 -565.92 
404.48 -527.76 45.73 
396.11 -445.07 11.76 
349.14 -165.28 338.59 
301.97 -644.30 637.92 
-90.24 -424.24 126.34 
-62.02 -455.78 233.62 
-148.66 -483.42 146.59 
-126.56 -438.56 248.91 

181.17 -476.14 211.31 
91.81 -192.30 31.44 
-230.90 -349.46 -70.00 
-319.60 -598.30 198.02 
-1878.43 803.28 -1946.40 
-1264.58 -1668.46 -402.10 
26.18 -1163.78 -382.42 
597.04 -85.55 -883.39 
361.09 -508.75 -8.05 
358.94 -482.11 -22.35 
334.13 -270.50 258.93 
299.01 -586.24 460.29 
-87.52 -419.15 84.02 
-49.63 -450.00 202.58 
-150.91 -504.03 116.98 
-119.52 -451.97 228.11 

183.66 -450.77 106.69 
98.14 -237.52 -31.92 
-120.03 -337.87 -30.34 
-169.30 -588.58 237.76 
-2755.38 277.49 -295.82 
-1564.96 -1067.92 152.66 
-36.62 -1453.66 -535.06 
823.26 174.24 -1381.54 
334.83 -497.34 -41.41 
334.61 -507.63 -47.01 
311.90 -337.38 200.94 
284.46 -552.26 352.90 
-83.68 -412.69 33.46 
-36.27 -445.07 181.30 
-154.40 -529.47 84.10 
-109.95 -465.14 207.70 

170.70 -426.85 16.37 
96.35 -286.32 -102.64 
-27.14 -361.14 -49.49 
-53.47 -562.83 186.30 
-1975.49 -1112.80 2103.06 
-1230.90 51.97 653.41 
-353.39 -1701.84 -748.19 
659.57 515.78 -2127.23 
309.87 -482.32 -102.26 
311.74 -542.37 -90.38 
304.62 -397.68 142.21 
283.18 -525.81 249.92 
-90.26 -401.89 -37.65 
-16.11 -436.08 137.54 
-171.95 -566.26 34.11 
-99.76 -488.18 176.56 

142.77 -413.23 -35.76 
68.35 -310.66 -132.32 
6.46 -401.87 -99.71 
-14.24 -539.26 92.48 
-434.51 -1606.13 2501.41 
-580.40 583.47 738.42 
-856.14 -1746.53 -867.47 
-137.30 801.02 -2758.13 
310.62 -471.68 -132.70 
309.87 -558.16 -109.23 
294.06 -422.53 118.88 
279.20 -512.83 208.82 
-94.59 -386.61 -116.78 
6.93 -423.34 104.42 
-186.70 -604.83 -11.62 
-86.59 -507.82 152.06 

119.90 -398.54 -80.38 
53.09 -339.74 -167.68 
27.20 -442.29 -150.14 
15.10 -522.27 17.04 
502.51 -1472.56 1845.06 
-29.94 626.50 559.90 
-1427.36 -1155.30 -740.70 
-1957.06 337.87 -2136.83 
311.78 -454.46 -191.14 
305.78 -592.40 -151.90 
295.39 -453.14 92.80 
287.26 -501.79 158.62 
-130.59 -367.49 -214.53 
30.66 -409.57 47.34 
-230.29 -654.29 -64.29 
-74.74 -536.43 113.87 

100.62 -390.42 -119.33 
38.40 -357.46 -194.11 
35.94 -474.42 -197.73 
25.17 -510.54 -50.85 
675.07 -1137.87 1072.94 
218.72 384.02 320.29 
-1491.17 -22.24 -226.10 
-2979.07 -963.62 328.85 
314.56 -428.85 -286.32 
299.62 -642.26 -212.93 
305.87 -489.42 55.84 
311.33 -485.81 102.53 
-229.58 -348.66 -293.34 
46.75 -390.02 -34.61 
-319.46 -693.34 -93.97 
-73.55 -581.82 58.30 

83.79 -394.90 -154.61 
19.70 -385.60 -224.75 
37.33 -513.31 -242.21 
29.84 -509.71 -111.23 
500.29 -875.94 568.54 
219.71 90.26 153.22 
-994.93 679.06 300.27 
-2123.71 -1646.24 2043.44 
328.83 -403.26 -409.17 
298.18 -719.66 -284.29 
330.85 -533.84 30.05 
346.18 -481.23 54.67 
-388.78 -352.27 -276.59 
40.34 -377.86 -125.17 
-440.91 -699.92 -55.34 
-95.17 -632.88 4.35 

74.58 -387.68 -172.08 
9.31 -390.11 -232.03 
34.98 -524.53 -265.20 
23.44 -500.43 -144.00 
293.26 -707.81 317.90 
142.10 -110.93 67.68 
-506.98 689.41 521.87 
-1018.50 -1462.56 2051.66 
356.61 -341.49 -555.52 
299.78 -796.51 -360.83 
348.74 -556.19 14.29 
381.94 -462.50 25.28 
-552.59 -362.99 -136.59 
1.44 -352.67 -224.32 
-544.94 -633.28 44.50 
-138.74 -669.86 -58.02 

66.37 -380.08 -194.45 
-0.72 -394.48 -250.00 
35.68 -536.67 -291.57 
32.77 -492.61 -173.82 
133.33 -603.23 147.26 
61.73 -257.71 -6.06 
-199.82 449.66 528.86 
-390.32 -1140.50 1555.87 
362.88 -238.54 -806.54 
271.55 -930.24 -477.41 
379.82 -601.02 -17.54 
446.18 -431.82 -39.12 
-631.17 -421.04 225.41 
-136.80 -353.86 -277.02 
-565.82 -464.85 246.32 
-244.93 -668.82 -87.09 

61.25 -378.66 -218.96 
-1.01 -415.76 -271.31 
36.02 -551.02 -312.91 
38.14 -489.90 -201.30 
15.20 -548.54 51.39 
-11.90 -353.65 -48.24 
-109.89 164.26 443.79 
-185.62 -888.40 1045.65 
337.84 -74.30 -1169.70 
202.75 -1126.10 -606.27 
423.92 -664.86 -48.34 
535.94 -394.22 -106.29 
-524.14 -490.08 586.66 
-341.63 -402.34 -193.23 
-460.18 -296.51 440.86 
-379.81 -608.56 -36.98 

56.40 -372.43 -252.69 
-4.59 -428.88 -299.39 
39.20 -565.31 -338.14 
40.72 -488.22 -234.02 
-73.46 -507.79 -33.09 
-75.97 -428.69 -89.92 
-89.66 -60.90 327.63 
-115.12 -722.59 665.25 
117.54 187.41 -1651.34 
-9.26 -1371.54 -716.58 
478.05 -769.07 -108.32 
669.70 -325.26 -239.63 
-284.98 -532.62 799.07 
-537.76 -500.24 114.80 
-273.81 -179.82 556.74 
-485.31 -445.39 138.40 

58.19 -368.48 -276.96 
-8.02 -438.90 -317.20 
43.44 -570.54 -349.23 
46.56 -488.93 -245.30 
-119.10 -488.46 -59.41 
-111.78 -462.91 -99.94 
-129.23 -198.14 248.61 
-143.65 -629.42 441.36 
-355.95 568.02 -2150.43 
-333.17 -1624.40 -728.48 
539.57 -896.96 -154.74 
850.19 -222.69 -382.10 
-126.99 -522.27 766.29 
-559.87 -566.66 401.81 
-154.16 -185.34 547.82 
-482.66 -316.85 309.87 

56.67 -357.57 -316.82 
-11.90 -452.06 -342.67 
52.02 -582.75 -366.35 
57.50 -478.10 -269.34 
-164.56 -468.58 -108.51 
-145.42 -503.62 -130.16 
-151.44 -301.65 171.41 
-152.38 -567.90 271.25 
-1475.31 730.83 -1915.58 
-867.41 -1570.80 -428.46 
567.47 -1112.54 -264.43 
1088.77 -38.70 -693.17 
-25.62 -503.86 673.54 
-454.24 -600.80 643.42 
-73.90 -219.82 498.93 
-394.91 -210.96 472.61 

54.02 -341.66 -362.72 
-18.70 -476.53 -384.51 
62.37 -593.73 -394.21 
70.05 -468.08 -301.31 
-190.26 -453.54 -150.45 
-166.91 -532.14 -157.30 
-171.42 -370.93 109.89 
-161.74 -526.50 151.22 
-2350.03 63.78 -53.76 
-1159.50 -935.66 195.06 
500.27 -1396.37 -431.89 
1306.62 254.56 -1215.28 
4.16 -481.84 556.30 
-297.60 -587.20 708.69 
-49.55 -270.29 433.57 
-284.64 -188.19 536.88 

45.09 -324.91 -432.66 
-28.62 -507.47 -427.68 
76.26 -609.06 -419.82 
85.60 -462.18 -334.74 
-208.67 -436.26 -191.60 
-182.26 -559.82 -183.97 
-186.74 -419.47 65.87 
-171.07 -500.42 74.37 
-1516.88 -1144.14 2179.10 
-786.37 5.66 774.13 
224.94 -1681.84 -640.66 
1263.89 621.94 -1986.56 
-3.89 -464.83 460.99 
-187.34 -555.58 658.78 
-57.68 -315.25 377.95 
-206.80 -219.23 527.68 

