-6.51 -579.02 -401.47 
-78.32 -502.35 -116.50 
-62.53 -649.18 -290.85 
-8.37 -556.85 -289.39 
-398.05 -581.07 -197.38 
-276.56 -642.42 37.95 
-388.38 -608.21 88.75 
-314.29 -610.00 -222.37 
-1269.20 -956.94 -1566.08 
1472.51 -649.55 1545.01 
-1118.54 -502.19 1579.15 
1386.61 -736.50 -1685.36 
-158.43 -525.70 182.56 
-135.01 -552.83 237.74 
-107.95 -516.54 321.98 
-160.75 -547.76 342.77 

-8.58 -605.33 -446.14 
-80.03 -525.25 -74.85 
-72.56 -662.37 -272.62 
4.93 -574.48 -301.33 
-391.74 -590.88 -211.26 
-281.49 -648.72 56.86 
-394.53 -604.34 78.74 
-306.86 -605.47 -212.24 
-926.93 -1003.44 -915.65 
1162.74 -794.46 959.98 
-1017.63 -231.68 2180.40 
1321.71 -599.81 -2424.16 
-149.02 -508.94 195.28 
-129.86 -522.14 254.10 
-115.23 -505.68 308.85 
-158.32 -533.07 314.32 

-16.58 -638.00 -507.42 
-74.11 -552.37 -19.47 
-88.27 -682.38 -252.46 
18.00 -593.98 -321.46 
-385.65 -607.36 -235.14 
-286.83 -659.09 86.75 
-405.65 -604.69 76.10 
-297.90 -606.11 -209.65 
-566.14 -960.96 -540.50 
833.97 -820.98 588.54 
-522.77 -178.51 2365.58 
752.10 -647.44 -2611.17 
-141.94 -499.44 196.96 
-124.85 -501.31 266.26 
-120.21 -497.79 299.52 
-159.33 -517.31 290.96 

-37.63 -673.71 -580.64 
-57.92 -578.45 48.75 
-108.18 -706.11 -208.69 
36.50 -622.29 -353.58 
-379.41 -632.40 -274.02 
-293.98 -671.58 133.78 
-416.85 -609.46 79.66 
-289.90 -612.67 -210.93 
-315.34 -883.04 -342.85 
591.06 -793.22 377.90 
-51.49 -397.23 1978.69 
192.22 -815.62 -2086.62 
-136.99 -492.43 201.18 
-126.91 -485.57 274.38 
-124.24 -493.30 292.58 
-155.15 -508.56 276.98 

-76.21 -698.64 -644.32 
-28.64 -597.01 101.97 
-130.27 -733.33 -153.07 
62.51 -658.35 -406.66 
-370.64 -670.46 -334.38 
-305.02 -691.70 209.39 
-436.50 -617.33 88.98 
-278.19 -623.98 -214.77 
-157.38 -813.49 -239.60 
440.83 -753.76 262.48 
140.77 -604.51 1396.27 
-32.46 -906.83 -1377.63 
-134.53 -490.51 203.26 
-119.17 -476.80 278.45 
-129.07 -500.00 291.30 
-159.10 -501.82 268.06 

-123.95 -709.89 -665.41 
13.14 -605.73 123.71 
-147.12 -764.02 -81.23 
76.38 -691.62 -467.44 
-358.94 -719.63 -435.57 
-318.85 -709.68 326.08 
-461.90 -628.00 108.18 
-262.32 -645.23 -227.54 
-60.93 -761.15 -182.38 
349.52 -718.40 192.40 
171.39 -693.17 919.55 
-50.22 -890.27 -841.50 
-132.56 -489.70 204.94 
-117.57 -470.53 282.34 
-131.86 -490.90 291.41 
-158.00 -500.75 261.01 

-157.47 -697.09 -625.46 
36.03 -599.95 83.17 
-141.87 -782.26 -14.38 
74.46 -715.30 -536.42 
-338.16 -781.36 -610.29 
-331.79 -722.13 521.36 
-500.72 -641.79 135.87 
-233.41 -672.75 -252.61 
0.70 -723.73 -149.74 
294.19 -688.35 152.26 
152.53 -701.22 612.88 
-10.10 -831.68 -511.01 
-128.66 -489.02 203.04 
-116.02 -465.41 282.56 
-133.20 -490.27 293.15 
-162.13 -495.73 259.33 

-157.23 -669.82 -552.70 
35.22 -580.86 19.70 
-114.24 -783.79 19.58 
42.46 -726.96 -580.11 
-323.79 -847.46 -904.77 
-332.90 -703.54 829.74 
-557.14 -660.26 181.60 
-191.25 -712.74 -286.13 
37.06 -695.84 -129.38 
258.91 -666.38 128.50 
137.20 -683.50 422.85 
32.64 -769.63 -322.99 
-128.05 -490.54 200.85 
-114.94 -464.30 282.32 
-136.86 -490.69 294.75 
-164.13 -492.05 255.97 

-134.58 -638.34 -479.82 
19.50 -555.10 -46.83 
-72.85 -774.77 -7.71 
-1.63 -718.45 -554.32 
-356.56 -890.03 -1393.15 
-268.80 -609.36 1299.87 
-650.32 -684.40 258.35 
-120.74 -769.60 -350.11 
63.36 -680.46 -120.35 
236.48 -651.94 109.58 
127.74 -661.95 308.53 
65.68 -721.86 -210.90 
-126.38 -497.92 198.22 
-112.67 -465.02 284.37 
-139.58 -496.05 302.05 
-165.20 -494.21 254.40 

-103.36 -608.19 -425.04 
-2.18 -527.87 -102.72 
-40.26 -753.87 -65.74 
-33.12 -696.64 -503.31 
-555.30 -866.16 -2016.50 
-18.19 -382.40 1861.73 
-796.27 -701.95 384.51 
-7.36 -847.90 -466.61 
81.06 -670.35 -117.92 
222.05 -645.84 101.44 
122.70 -646.22 235.23 
90.86 -687.36 -145.60 
-127.63 -509.74 192.05 
-110.13 -470.56 283.94 
-145.07 -504.90 312.43 
-170.43 -502.42 255.98 

-75.15 -579.06 -384.77 
-17.06 -504.48 -132.66 
-27.90 -725.92 -135.39 
-45.68 -663.09 -440.26 
-1014.86 -742.53 -2523.42 
489.95 -159.71 2196.86 
-1005.18 -688.22 602.64 
200.58 -930.50 -681.62 
93.74 -664.35 -117.30 
209.28 -638.45 100.82 
116.91 -626.08 193.23 
105.65 -663.82 -99.26 
-125.46 -519.14 182.50 
-107.28 -473.23 279.92 
-149.97 -511.20 324.56 
-175.92 -501.20 260.64 

-57.18 -553.81 -366.78 
-34.40 -486.02 -163.26 
-17.10 -695.04 -191.26 
-40.67 -627.33 -380.16 
-1428.30 -825.42 -2247.38 
979.34 -97.44 1970.54 
-1297.12 -557.71 965.89 
411.84 -1022.27 -1053.86 
96.14 -658.40 -136.43 
193.60 -642.85 93.89 
115.62 -621.82 155.84 
122.67 -636.78 -86.46 
-129.87 -535.38 162.90 
-102.42 -480.05 273.17 
-160.94 -521.86 342.83 
-181.82 -509.39 261.07 

-46.00 -538.06 -347.82 
-43.66 -470.22 -175.98 
-21.98 -676.69 -238.82 
-40.94 -600.45 -344.26 
-1527.63 -849.46 -1677.62 
1005.86 -404.88 1364.74 
-1480.99 -315.71 1539.63 
684.03 -1032.67 -1635.94 
103.68 -664.99 -142.66 
188.78 -644.18 106.58 
109.57 -612.80 140.61 
130.35 -625.25 -66.40 
-129.84 -560.61 141.55 
-98.18 -497.58 270.08 
-169.78 -536.18 377.38 
-192.38 -513.34 272.35 

-35.82 -526.75 -331.44 
-51.81 -459.62 -180.24 
-28.83 -661.30 -263.38 
-42.42 -572.62 -313.66 
-1338.18 -860.56 -1053.18 
680.34 -658.10 824.34 
-1346.53 -103.87 2136.35 
721.89 -876.66 -2385.12 
114.29 -676.61 -151.44 
186.35 -648.66 128.75 
101.68 -604.90 138.30 
136.18 -622.96 -43.12 
-125.10 -592.96 104.48 
-88.64 -512.53 264.19 
-172.83 -557.87 423.95 
-202.78 -525.68 291.36 

-26.86 -517.63 -331.01 
-54.62 -453.07 -188.88 
-27.42 -642.37 -282.02 
-30.32 -562.27 -296.34 
-978.05 -858.43 -639.79 
382.14 -710.34 477.25 
-879.15 -25.36 2296.22 
141.73 -928.16 -2454.32 
118.56 -687.54 -194.69 
177.95 -670.05 142.90 
100.02 -614.45 130.37 
155.63 -618.46 -48.85 
-138.48 -633.87 44.91 
-75.17 -538.78 240.22 
-186.30 -582.38 482.50 
-219.74 -548.69 306.00 

-23.06 -512.93 -322.08 
-58.77 -449.60 -190.54 
-31.76 -633.97 -296.78 
-41.76 -548.03 -283.54 
-787.33 -779.36 -447.18 
130.06 -742.29 283.06 
-442.69 -331.23 1905.26 
-265.86 -924.70 -2053.07 
119.66 -716.51 -229.25 
167.22 -685.49 194.14 
88.37 -612.05 136.16 
160.83 -626.82 -45.15 
-150.69 -680.80 -14.58 
-61.46 -572.53 227.52 
-173.92 -602.00 563.26 
-247.82 -570.13 345.76 

-17.94 -510.88 -320.19 
-59.36 -442.83 -193.30 
-32.10 -627.55 -302.93 
-27.15 -539.54 -275.63 
-627.94 -724.70 -327.52 
-8.99 -713.90 173.78 
-278.64 -524.05 1338.58 
-454.75 -972.99 -1350.14 
130.06 -747.10 -315.41 
152.00 -721.50 252.58 
69.94 -624.66 141.95 
183.73 -632.64 -54.67 
-195.10 -720.53 -71.98 
-46.77 -622.06 186.00 
-153.12 -620.42 637.01 
-274.05 -596.74 388.00 

-17.71 -509.84 -318.06 
-63.14 -441.17 -192.94 
-37.30 -625.02 -308.90 
-31.41 -534.46 -275.74 
-558.59 -669.36 -270.48 
-116.45 -701.87 107.14 
-277.70 -675.82 852.06 
-461.49 -881.06 -949.47 
136.10 -800.22 -408.62 
132.83 -742.67 379.31 
38.37 -633.26 160.62 
197.63 -651.68 -62.61 
-224.29 -740.75 -101.23 
-34.19 -666.26 153.76 
-96.42 -624.37 669.38 
-298.91 -613.65 463.31 

-15.47 -511.28 -321.57 
-66.29 -448.32 -192.62 
-39.09 -623.06 -314.00 
-23.58 -534.27 -270.45 
-503.18 -633.63 -233.10 
-176.06 -681.62 66.46 
-308.74 -701.95 542.64 
-423.47 -809.81 -647.33 
142.64 -863.58 -597.28 
104.32 -777.01 573.46 
-0.66 -655.55 187.92 
230.77 -675.71 -87.73 
-255.90 -734.56 -74.30 
-38.02 -712.86 110.37 
-50.51 -624.48 641.98 
-309.20 -628.85 539.63 

-15.34 -517.44 -325.54 
-70.11 -447.42 -187.84 
-46.59 -625.02 -318.14 
-28.85 -534.80 -271.63 
-475.06 -611.31 -217.79 
-219.18 -670.03 42.98 
-341.02 -693.84 350.38 
-391.22 -744.74 -488.88 
133.52 -950.18 -886.30 
92.48 -773.23 906.08 
-69.47 -678.85 232.06 
269.49 -713.58 -122.94 
-256.21 -702.38 -18.27 
-55.31 -736.70 92.24 
-33.79 -618.78 561.02 
-278.99 -633.31 587.22 

-12.53 -520.10 -330.50 
-69.41 -455.49 -183.62 
-43.14 -624.35 -316.11 
-22.99 -534.67 -268.51 
-440.16 -596.00 -195.04 
-233.52 -652.85 33.34 
-354.30 -661.54 248.21 
-362.50 -701.44 -361.52 
74.67 -949.66 -1467.78 
140.91 -760.66 1369.90 
-156.58 -716.88 301.44 
372.98 -748.61 -198.85 
-244.35 -656.90 55.62 
-98.53 -728.69 86.45 
-45.89 -594.82 491.17 
-246.99 -629.54 572.90 

-10.72 -528.75 -336.83 
-69.89 -459.55 -173.84 
-45.57 -625.46 -313.26 
-19.47 -535.25 -270.94 
-423.12 -585.94 -187.73 
-249.36 -644.27 27.12 
-366.30 -638.80 178.69 
-343.47 -663.86 -299.90 
-191.41 -886.66 -2150.19 
389.68 -615.84 1972.06 
-310.88 -752.08 424.40 
516.40 -797.20 -322.83 
-218.45 -611.87 109.33 
-127.97 -690.67 124.35 
-64.10 -571.39 422.53 
-212.48 -616.13 522.70 

-9.89 -540.21 -351.87 
-73.65 -472.30 -165.02 
-49.58 -631.68 -310.67 
-12.98 -541.12 -271.89 
-413.70 -581.44 -188.10 
-262.77 -643.02 23.74 
-375.23 -625.92 134.51 
-331.09 -638.14 -262.45 
-751.81 -800.91 -2575.62 
933.52 -422.14 2386.11 
-551.97 -767.71 631.09 
745.62 -842.08 -556.29 
-190.90 -575.97 144.82 
-137.46 -641.87 174.82 
-85.65 -550.18 376.40 
-176.78 -598.43 455.04 

-6.14 -556.02 -369.26 
-73.54 -484.56 -143.89 
-54.88 -636.45 -300.37 
-9.55 -551.73 -273.92 
-402.78 -579.86 -188.21 
-268.86 -638.14 31.04 
-382.46 -611.66 108.10 
-323.65 -621.54 -235.57 
-1272.29 -800.24 -2333.36 
1432.05 -466.54 2166.59 
-854.70 -705.76 1008.72 
1089.44 -833.74 -975.57 
-174.16 -545.44 167.87 
-140.48 -590.72 207.09 
-99.55 -530.18 342.38 
-167.63 -576.26 390.05 


