-4.45 -591.79 -350.02 
-83.15 -493.54 -90.86 
-78.00 -659.97 -301.14 
-24.58 -572.56 -254.98 
-373.63 -603.02 -149.73 
-278.35 -614.59 18.00 
-359.28 -593.09 40.90 
-314.51 -603.73 -173.15 
-3023.04 -1934.67 -2408.13 
2084.35 224.53 1372.35 
-1437.34 504.45 1412.08 
2893.31 -1701.52 -2498.32 
-179.02 -562.29 180.22 
-172.35 -613.33 218.50 
-148.90 -537.01 259.66 
-182.43 -528.61 330.27 

-3.55 -649.30 -394.43 
-102.14 -501.50 -27.31 
-94.99 -670.53 -284.37 
-16.02 -596.37 -263.76 
-373.25 -617.23 -161.28 
-288.34 -622.35 33.97 
-367.20 -595.54 31.95 
-309.23 -599.90 -172.02 
-1470.10 -1601.90 -877.01 
1475.14 -403.79 733.89 
-1102.69 1472.22 2228.50 
3622.86 -1048.62 -5242.88 
-167.86 -546.22 185.42 
-162.62 -574.50 238.26 
-158.78 -530.61 247.41 
-189.73 -519.44 285.17 

-3.65 -728.85 -465.89 
-95.92 -514.11 73.74 
-120.75 -683.97 -249.06 
-9.23 -628.93 -278.06 
-368.37 -634.74 -174.16 
-295.10 -626.02 61.17 
-375.95 -592.72 29.33 
-303.41 -599.73 -166.72 
-661.46 -1226.93 -380.74 
941.57 -640.21 419.60 
-21.87 1500.66 2601.30 
1203.82 -1507.09 -5242.88 
-156.91 -532.64 191.10 
-156.24 -545.90 246.69 
-164.72 -522.37 237.62 
-190.56 -508.35 263.25 

-21.71 -827.26 -584.77 
-84.56 -510.13 216.16 
-160.59 -699.81 -195.26 
16.80 -681.15 -302.40 
-364.40 -664.91 -201.50 
-307.18 -630.00 98.18 
-385.81 -592.72 28.90 
-296.05 -602.34 -172.37 
-281.55 -988.53 -199.94 
619.79 -684.75 270.83 
575.54 587.39 2113.06 
-523.87 -1845.38 -3791.02 
-156.98 -522.40 191.01 
-151.94 -526.62 250.56 
-168.80 -514.88 230.67 
-190.96 -496.11 250.26 

-82.18 -925.97 -721.62 
-3.74 -490.58 348.77 
-211.44 -717.49 -106.03 
37.47 -756.03 -356.43 
-355.18 -714.24 -247.60 
-326.24 -637.14 164.90 
-401.07 -598.51 35.39 
-291.87 -614.37 -173.71 
-98.42 -844.21 -131.20 
442.24 -676.18 190.18 
551.60 -149.31 1384.27 
-477.65 -1592.45 -1651.02 
-153.82 -519.30 191.57 
-149.04 -514.24 256.13 
-171.28 -511.34 228.61 
-200.00 -484.58 235.49 

-176.62 -964.22 -783.01 
111.49 -489.30 388.70 
-261.15 -722.61 29.90 
79.65 -850.43 -453.09 
-338.02 -794.64 -329.95 
-359.78 -637.34 275.50 
-426.42 -604.26 48.50 
-276.69 -635.01 -179.49 
-7.98 -759.50 -94.11 
343.82 -657.23 144.13 
387.12 -468.53 857.94 
-224.14 -1246.90 -743.28 
-151.81 -515.92 192.64 
-148.16 -508.02 259.89 
-174.85 -509.87 228.48 
-194.82 -484.06 233.20 

-229.31 -922.30 -693.07 
180.11 -496.58 296.29 
-265.31 -706.58 191.54 
90.53 -948.37 -576.64 
-301.97 -928.91 -496.43 
-414.32 -614.03 465.54 
-462.80 -615.87 68.42 
-257.94 -670.90 -193.81 
43.30 -707.63 -73.33 
285.34 -638.21 117.38 
270.82 -574.00 545.63 
-65.57 -1012.46 -365.12 
-150.80 -518.18 190.61 
-145.25 -504.72 260.45 
-176.58 -511.42 230.77 
-195.33 -485.90 228.00 

-201.86 -824.58 -550.18 
163.66 -511.89 142.78 
-186.35 -687.79 281.52 
27.54 -1000.42 -660.13 
-227.58 -1155.86 -864.14 
-500.29 -507.09 799.20 
-523.10 -628.38 100.98 
-224.96 -725.28 -217.23 
71.30 -677.12 -65.07 
250.64 -624.24 99.06 
208.85 -595.36 366.50 
17.87 -870.32 -197.02 
-148.91 -520.50 189.97 
-143.95 -503.87 260.37 
-180.56 -513.15 231.90 
-200.18 -480.02 225.52 

-143.90 -724.70 -435.33 
117.49 -514.69 9.55 
-76.24 -686.53 229.60 
-50.37 -957.52 -610.82 
-106.96 -1496.99 -1758.86 
-572.51 -174.14 1357.98 
-619.82 -638.18 151.63 
-161.26 -812.61 -261.10 
91.12 -657.65 -59.31 
227.68 -615.25 90.62 
170.11 -594.77 263.33 
63.82 -785.20 -111.97 
-148.06 -527.73 188.45 
-141.66 -504.03 260.08 
-183.90 -518.03 238.26 
-203.63 -482.00 224.62 

-94.24 -646.54 -373.14 
57.20 -503.68 -73.60 
-12.83 -694.91 78.22 
-87.57 -858.42 -488.88 
-194.74 -1787.87 -3824.58 
-401.62 592.08 2098.85 
-786.64 -627.78 240.46 
-27.73 -960.94 -350.64 
104.51 -647.26 -56.93 
214.02 -608.70 84.86 
151.58 -587.68 201.87 
88.30 -731.79 -64.82 
-147.28 -537.39 183.82 
-140.43 -507.86 260.51 
-188.67 -522.00 245.74 
-197.07 -486.82 229.49 

-53.68 -591.44 -339.98 
23.54 -487.33 -126.70 
14.45 -678.94 -50.72 
-64.98 -758.90 -360.59 
-1957.14 -2062.50 -5242.88 
388.86 1602.48 2433.54 
-1076.42 -544.80 377.17 
243.04 -1218.72 -619.90 
109.06 -639.82 -71.15 
200.48 -609.62 76.90 
144.27 -584.83 157.28 
110.85 -697.07 -52.59 
-149.12 -551.41 167.06 
-135.92 -513.36 251.12 
-198.16 -531.76 254.90 
-207.02 -496.08 229.66 

-43.36 -555.70 -316.83 
-14.70 -471.18 -148.02 
-6.48 -680.91 -158.00 
-73.02 -678.64 -321.36 
-4153.97 -887.81 -4139.98 
1467.95 1562.42 2071.49 
-1489.20 -250.26 736.78 
989.62 -1602.85 -1134.43 
118.98 -638.26 -56.29 
196.72 -602.34 88.53 
130.08 -571.81 142.46 
113.36 -678.10 -19.78 
-143.07 -573.87 162.42 
-134.86 -520.40 257.60 
-204.10 -539.22 282.40 
-215.41 -493.68 241.30 

-31.41 -529.41 -305.34 
-28.98 -466.42 -167.31 
-18.13 -669.42 -222.19 
-63.60 -629.55 -288.70 
-3375.55 -1807.71 -2464.67 
1548.83 581.50 1204.27 
-1885.14 507.54 1378.29 
2372.96 -1989.73 -2827.57 
124.37 -646.37 -63.18 
189.34 -605.89 98.02 
127.94 -570.35 128.83 
119.68 -666.34 -9.97 
-139.30 -610.90 142.74 
-129.26 -536.70 256.72 
-216.94 -553.01 321.57 
-228.72 -502.59 250.75 

-24.61 -518.29 -297.18 
-36.54 -455.86 -174.35 
-30.37 -658.54 -263.81 
-59.38 -596.22 -266.88 
-2009.46 -1495.98 -946.56 
974.70 -224.11 644.06 
-1589.57 1494.74 2287.62 
3389.46 -1528.38 -5242.88 
129.18 -658.46 -60.58 
184.99 -604.62 126.46 
111.34 -564.93 121.02 
120.99 -661.68 5.47 
-129.89 -666.08 116.56 
-123.86 -557.54 260.96 
-229.26 -565.49 388.22 
-242.37 -510.72 269.02 

-17.71 -506.10 -295.30 
-39.54 -454.10 -185.68 
-32.67 -646.51 -288.69 
-45.44 -573.34 -256.38 
-1098.11 -1176.85 -451.92 
490.72 -519.01 339.94 
-533.04 1585.73 2673.12 
413.68 -1660.94 -5242.88 
132.77 -676.50 -88.21 
173.71 -617.02 140.99 
106.72 -568.29 118.08 
131.86 -659.42 -7.49 
-132.75 -746.86 38.02 
-107.33 -592.08 242.32 
-251.71 -578.54 478.48 
-266.82 -527.86 291.95 

-15.07 -499.62 -292.56 
-52.46 -445.92 -186.54 
-37.18 -641.20 -302.11 
-47.07 -556.70 -250.38 
-741.06 -941.90 -279.20 
174.70 -619.25 197.63 
105.04 615.95 2152.34 
-1134.99 -1817.78 -3866.93 
137.09 -709.76 -111.95 
162.24 -625.55 180.88 
94.26 -571.34 120.53 
137.09 -663.98 1.60 
-142.99 -859.65 -74.34 
-87.76 -642.86 226.42 
-251.04 -577.52 615.90 
-298.34 -541.33 334.06 

-13.41 -496.10 -292.13 
-52.51 -447.66 -190.14 
-40.30 -636.00 -312.96 
-39.55 -545.38 -243.92 
-571.95 -805.33 -209.04 
-5.60 -641.47 115.54 
89.46 -162.22 1376.27 
-968.11 -1523.87 -1737.73 
146.59 -760.66 -154.56 
141.68 -638.30 243.42 
76.59 -576.59 127.06 
144.99 -675.60 -7.62 
-199.84 -982.96 -221.17 
-55.52 -723.17 190.03 
-203.39 -558.51 769.47 
-349.84 -557.18 405.52 

-11.47 -495.22 -291.97 
-59.33 -441.95 -190.30 
-43.33 -633.38 -316.61 
-39.42 -543.60 -242.75 
-487.42 -721.71 -175.54 
-108.53 -639.44 71.50 
-79.25 -492.27 812.24 
-667.46 -1177.73 -854.00 
163.12 -844.46 -238.03 
109.46 -647.17 350.38 
51.90 -584.93 138.50 
156.86 -695.84 -6.61 
-310.24 -1058.16 -305.97 
-17.68 -831.68 116.54 
-94.05 -542.61 856.62 
-403.68 -559.97 515.63 

-10.94 -497.06 -293.02 
-57.06 -452.00 -190.11 
-44.34 -632.85 -322.67 
-37.92 -540.91 -242.26 
-442.51 -671.33 -156.93 
-171.17 -632.90 40.53 
-205.55 -599.98 483.66 
-502.11 -946.30 -498.53 
198.29 -989.50 -401.38 
55.38 -637.14 539.97 
11.22 -597.31 158.77 
175.31 -729.79 -18.42 
-393.92 -1030.77 -240.66 
-0.37 -951.22 13.50 
5.33 -558.88 788.26 
-420.69 -552.61 652.99 

-10.08 -506.16 -296.38 
-59.38 -456.21 -189.86 
-48.88 -637.22 -324.61 
-35.78 -541.84 -248.05 
-417.15 -643.10 -145.79 
-209.98 -629.12 25.82 
-275.30 -626.88 299.06 
-419.50 -812.61 -339.57 
277.02 -1225.18 -769.81 
-18.38 -565.55 877.68 
-49.68 -613.76 192.08 
210.06 -786.08 -36.40 
-382.99 -927.36 -85.66 
-47.12 -1026.13 -68.48 
18.70 -590.74 633.97 
-371.66 -548.46 759.41 

-8.75 -510.77 -298.42 
-59.74 -455.34 -179.17 
-51.81 -636.50 -324.86 
-38.42 -539.87 -244.82 
-400.58 -621.54 -140.46 
-234.53 -621.12 11.09 
-311.81 -621.17 190.08 
-374.40 -725.25 -261.12 
405.74 -1569.82 -1687.10 
-66.42 -292.93 1448.50 
-154.91 -620.22 241.07 
274.18 -865.44 -73.98 
-320.74 -800.21 26.29 
-133.14 -995.94 -54.94 
-22.37 -595.84 484.90 
-278.90 -552.02 742.69 

-7.97 -517.02 -300.93 
-69.47 -455.57 -164.16 
-54.27 -635.50 -322.74 
-33.07 -541.07 -239.02 
-388.22 -605.79 -139.10 
-249.47 -614.59 4.90 
-330.72 -608.70 123.84 
-346.98 -672.58 -222.05 
299.47 -1853.90 -3808.26 
159.68 358.42 2238.00 
-331.86 -608.80 333.92 
409.76 -1000.22 -149.89 
-261.25 -700.83 108.37 
-186.02 -886.59 36.37 
-70.30 -582.43 380.37 
-203.39 -560.11 624.00 

-7.74 -532.37 -308.56 
-67.47 -465.31 -152.10 
-59.34 -639.07 -317.73 
-32.46 -552.66 -242.29 
-380.46 -600.93 -138.90 
-260.51 -611.86 4.86 
-342.54 -600.85 83.01 
-332.27 -638.67 -197.57 
-1459.73 -1623.68 -5242.88 
1061.76 1169.18 2750.85 
-626.30 -530.10 497.30 
719.17 -1222.59 -332.66 
-220.48 -633.20 146.21 
-194.46 -768.08 128.67 
-107.81 -564.96 319.57 
-185.79 -557.98 490.85 

-6.56 -555.60 -324.18 
-78.51 -480.29 -129.79 
-67.20 -643.33 -309.10 
-32.08 -557.95 -253.30 
-376.35 -599.82 -142.50 
-269.74 -611.06 9.31 
-351.60 -594.16 56.88 
-322.51 -618.19 -181.92 
-3869.30 -1423.89 -3145.76 
2091.81 1100.10 2296.94 
-1062.46 -231.04 815.62 
1455.31 -1545.90 -870.83 
-194.13 -589.84 167.07 
-184.45 -673.73 185.66 
-132.94 -548.29 280.37 
-177.92 -544.72 391.10 

