5.25 -580.22 -392.35 
-92.14 -497.54 -116.37 
-60.37 -639.09 -301.79 
-6.38 -543.44 -273.17 
-380.90 -564.51 -167.34 
-288.43 -620.67 1.62 
-373.39 -585.25 47.94 
-319.74 -583.18 -190.13 
-2485.98 -647.79 -2062.56 
2696.38 -172.30 1950.19 
-2183.46 27.79 1972.10 
2715.33 -223.44 -2313.95 
-155.39 -513.34 191.44 
-144.80 -549.07 239.73 
-107.84 -508.58 304.90 
-149.22 -545.92 342.32 

11.02 -613.52 -456.19 
-96.08 -526.29 -64.08 
-74.13 -656.64 -286.19 
2.98 -565.58 -287.25 
-376.59 -575.62 -177.39 
-295.01 -626.99 15.34 
-380.74 -582.75 39.87 
-314.51 -578.08 -182.48 
-1409.44 -1000.50 -873.04 
1671.58 -738.74 912.74 
-2108.29 1345.70 3545.79 
2969.63 797.65 -4537.25 
-145.07 -498.82 204.85 
-135.20 -512.77 260.30 
-117.04 -496.45 294.66 
-151.92 -526.13 302.06 

13.25 -665.65 -556.18 
-102.96 -563.39 25.74 
-94.51 -680.72 -259.10 
26.59 -591.39 -312.42 
-369.90 -588.70 -198.29 
-302.35 -636.61 36.94 
-387.98 -582.45 36.98 
-307.71 -578.03 -181.33 
-683.33 -971.41 -421.86 
977.55 -824.22 471.33 
-438.83 1479.15 4122.03 
1073.39 626.56 -5129.47 
-137.94 -486.29 206.16 
-128.58 -487.20 272.43 
-121.12 -488.13 287.30 
-150.00 -509.14 276.62 

-7.25 -720.16 -702.66 
-88.24 -608.34 165.79 
-127.87 -713.71 -206.85 
59.42 -630.82 -350.59 
-361.87 -612.56 -228.75 
-313.39 -651.23 79.97 
-399.87 -586.54 36.11 
-300.85 -583.79 -180.74 
-314.27 -865.55 -245.34 
605.66 -785.95 278.16 
542.83 266.64 2971.18 
-337.79 -450.59 -3357.70 
-132.64 -479.28 209.14 
-123.89 -471.22 278.27 
-125.31 -483.63 282.18 
-161.70 -498.10 266.61 

-82.05 -762.06 -871.39 
-27.76 -643.49 305.25 
-176.83 -759.95 -123.97 
106.29 -677.89 -426.02 
-347.71 -650.29 -280.45 
-330.11 -673.66 145.25 
-415.44 -593.97 47.73 
-291.79 -596.78 -183.58 
-121.50 -786.40 -163.79 
422.59 -732.02 183.44 
519.90 -466.11 1697.68 
-438.06 -909.95 -1688.34 
-129.42 -477.68 212.32 
-120.74 -464.08 285.79 
-129.38 -481.44 280.32 
-154.32 -495.01 256.24 

-199.23 -770.43 -931.57 
76.53 -648.96 358.27 
-228.24 -801.76 13.54 
157.30 -733.04 -546.38 
-321.04 -702.77 -372.99 
-360.43 -696.19 261.41 
-436.88 -602.35 60.06 
-276.67 -610.30 -192.88 
-22.75 -725.82 -124.83 
323.39 -686.67 133.04 
343.20 -674.37 937.33 
-240.43 -914.67 -839.23 
-128.00 -473.81 210.88 
-118.42 -454.77 286.10 
-130.82 -478.42 280.80 
-159.57 -488.94 251.22 

-277.22 -752.03 -825.62 
134.27 -643.26 259.02 
-236.85 -833.70 175.68 
173.20 -780.00 -713.42 
-268.18 -777.34 -551.58 
-412.80 -718.85 466.24 
-472.69 -618.69 82.06 
-253.06 -636.42 -207.60 
35.39 -689.10 -103.55 
270.77 -655.31 103.15 
232.61 -689.39 553.87 
-92.48 -834.08 -437.98 
-125.30 -474.88 211.73 
-116.35 -451.82 286.85 
-133.71 -478.03 281.22 
-160.38 -483.79 242.43 

-254.29 -713.65 -647.39 
116.54 -612.05 100.66 
-167.18 -835.28 269.50 
106.64 -797.02 -815.01 
-172.14 -870.46 -915.34 
-508.14 -701.78 869.98 
-532.67 -643.84 118.48 
-213.81 -680.38 -234.02 
67.39 -665.14 -93.52 
238.34 -635.65 83.71 
178.13 -666.98 351.20 
-5.09 -759.46 -249.49 
-125.07 -477.94 213.07 
-114.64 -450.80 286.91 
-137.90 -481.68 281.92 
-160.35 -485.84 250.13 

-188.48 -653.68 -522.70 
63.06 -578.53 -35.87 
-49.68 -813.07 207.63 
11.15 -785.73 -756.53 
-58.10 -953.82 -1623.95 
-616.51 -441.98 1651.62 
-643.22 -669.78 172.90 
-157.23 -747.14 -283.09 
82.62 -647.81 -91.87 
212.27 -626.90 70.72 
149.63 -650.88 235.04 
44.83 -701.46 -168.10 
-127.63 -484.88 207.41 
-114.43 -453.71 286.00 
-143.36 -486.59 290.53 
-162.26 -489.79 242.80 

-128.22 -612.43 -420.37 
15.87 -528.54 -99.98 
-7.98 -782.30 49.76 
-69.78 -744.40 -618.06 
-30.29 -587.07 -3239.89 
-421.74 231.60 2907.49 
-811.60 -705.60 282.45 
13.97 -831.89 -379.46 
102.83 -640.08 -86.22 
205.09 -614.16 65.87 
140.27 -617.20 179.66 
76.13 -667.55 -90.32 
-123.31 -493.55 200.72 
-109.78 -457.86 285.79 
-145.30 -492.43 297.23 
-164.26 -488.27 246.42 

-77.79 -583.26 -364.93 
-12.08 -498.21 -136.14 
-5.06 -740.22 -80.50 
-85.26 -688.46 -468.98 
-1170.13 384.05 -5032.82 
774.56 1366.66 3942.16 
-1132.61 -718.78 499.39 
375.81 -937.74 -604.59 
118.85 -639.12 -85.95 
202.67 -609.54 68.69 
136.30 -596.91 152.61 
96.85 -647.20 -47.62 
-117.46 -508.21 189.47 
-106.08 -461.78 288.93 
-149.66 -504.26 311.20 
-169.47 -494.66 249.70 

-58.88 -549.50 -345.66 
-32.98 -478.50 -170.67 
-5.89 -703.18 -184.88 
-66.59 -634.94 -389.97 
-2779.52 371.41 -4347.17 
2337.01 1408.43 3293.54 
-1733.46 -520.37 957.09 
981.87 -1010.50 -1116.93 
122.38 -635.44 -91.60 
190.16 -609.95 67.34 
129.54 -590.50 119.31 
106.83 -626.02 -35.15 
-117.98 -526.90 173.41 
-102.88 -468.62 283.92 
-161.01 -517.76 331.98 
-176.64 -500.38 254.90 

-40.46 -535.89 -331.34 
-46.45 -463.10 -180.74 
-15.31 -670.67 -239.02 
-52.77 -594.42 -334.05 
-2756.19 -483.68 -2259.10 
2102.80 160.69 1709.71 
-2455.81 205.98 1974.46 
2027.31 -718.29 -2439.50 
129.33 -639.81 -98.90 
184.82 -613.18 74.14 
126.48 -584.13 110.88 
117.01 -616.74 -19.73 
-111.87 -556.16 143.89 
-94.32 -482.82 278.05 
-174.51 -538.19 365.06 
-185.97 -509.01 262.48 

-32.14 -517.68 -321.79 
-52.18 -451.82 -190.08 
-22.08 -651.50 -274.69 
-46.27 -567.79 -304.16 
-1843.44 -828.30 -1061.25 
1162.61 -583.02 766.67 
-2340.16 1510.43 3557.17 
2270.96 76.24 -4451.50 
132.82 -648.42 -112.61 
177.86 -620.16 87.87 
119.28 -582.37 102.74 
124.38 -610.16 -14.77 
-107.79 -598.67 99.02 
-85.78 -501.30 272.48 
-194.10 -563.94 425.17 
-197.01 -526.51 279.47 

-24.10 -508.66 -313.62 
-59.71 -443.71 -197.04 
-28.37 -636.43 -294.64 
-41.74 -550.93 -286.91 
-1173.01 -839.42 -559.92 
484.74 -758.18 359.46 
-719.66 1530.38 4081.63 
548.96 195.41 -5014.10 
138.86 -663.26 -133.95 
168.70 -632.58 109.33 
113.09 -581.63 98.11 
132.40 -610.05 -7.86 
-102.40 -659.68 21.07 
-70.46 -532.18 258.21 
-214.10 -593.20 524.50 
-227.22 -545.14 299.76 

-20.96 -502.69 -308.54 
-61.42 -439.25 -198.16 
-32.61 -627.10 -307.94 
-37.49 -539.55 -278.62 
-838.56 -759.18 -358.67 
112.59 -765.65 188.29 
172.69 202.03 2887.95 
-730.08 -427.04 -3508.61 
144.34 -689.23 -156.72 
154.42 -644.13 155.10 
97.47 -581.52 105.04 
136.16 -615.26 -4.67 
-98.85 -738.93 -97.23 
-49.95 -575.63 245.02 
-210.53 -616.45 679.30 
-264.05 -566.46 350.08 

-15.79 -499.79 -310.06 
-60.58 -436.98 -200.05 
-31.01 -618.51 -314.58 
-27.65 -528.86 -269.12 
-616.77 -702.38 -260.77 
-44.34 -710.14 96.83 
104.82 -448.64 1617.54 
-809.14 -915.66 -1733.54 
163.66 -719.47 -238.80 
136.29 -686.02 197.22 
92.50 -595.33 107.89 
159.68 -619.86 -15.01 
-178.37 -807.15 -275.52 
-5.49 -640.82 175.42 
-184.59 -640.91 844.11 
-316.50 -611.47 407.18 

-12.77 -499.73 -309.60 
-62.02 -435.50 -198.83 
-35.54 -614.82 -318.16 
-30.99 -525.55 -261.68 
-521.81 -650.14 -212.14 
-142.18 -679.90 50.85 
-107.22 -665.14 872.61 
-629.63 -887.98 -946.85 
190.58 -770.93 -345.04 
100.45 -725.14 305.52 
69.81 -607.73 118.70 
177.71 -635.10 -20.85 
-287.20 -847.26 -360.91 
36.66 -726.26 91.20 
-70.67 -648.64 936.62 
-377.06 -648.29 523.73 

-6.43 -501.74 -310.59 
-60.54 -437.42 -197.97 
-32.96 -611.20 -318.11 
-23.36 -523.46 -257.14 
-443.55 -621.92 -171.15 
-179.66 -644.03 27.49 
-217.26 -635.30 524.48 
-477.44 -831.84 -488.13 
286.26 -812.13 -623.10 
57.92 -812.06 468.27 
50.05 -633.63 140.91 
228.53 -655.01 -38.08 
-420.96 -839.79 -251.23 
41.10 -818.64 -96.78 
5.55 -638.43 880.50 
-425.76 -699.84 647.57 

-8.42 -503.92 -312.58 
-66.78 -438.35 -195.76 
-38.67 -611.54 -321.97 
-25.94 -519.65 -258.58 
-434.40 -591.30 -167.25 
-230.03 -638.53 7.49 
-299.58 -660.46 296.08 
-418.45 -724.34 -386.85 
355.22 -907.50 -985.15 
-67.23 -803.76 894.88 
-24.72 -657.87 174.46 
259.22 -690.29 -61.79 
-373.25 -771.78 -116.56 
-9.95 -872.91 -128.06 
45.66 -642.93 692.24 
-370.77 -681.47 796.80 

-8.29 -511.62 -320.90 
-72.16 -442.70 -191.41 
-40.34 -615.31 -324.38 
-25.31 -525.60 -260.59 
-419.87 -576.27 -163.49 
-256.40 -633.10 -6.98 
-334.51 -643.30 182.72 
-377.68 -669.31 -308.61 
466.56 -905.78 -1856.46 
-206.43 -664.69 1693.34 
-132.50 -701.86 224.82 
347.46 -741.04 -115.84 
-302.74 -700.69 20.56 
-100.54 -861.63 -74.53 
9.57 -617.82 526.51 
-265.41 -663.31 785.49 

-4.56 -519.82 -325.57 
-70.19 -447.04 -181.25 
-43.58 -617.47 -319.44 
-23.10 -526.02 -257.92 
-400.86 -569.70 -154.29 
-265.68 -620.66 -7.55 
-351.33 -616.78 127.42 
-353.71 -634.93 -244.46 
408.10 -379.44 -3615.90 
-19.89 -119.62 3061.52 
-316.62 -755.41 333.94 
533.89 -796.19 -205.84 
-247.70 -626.05 111.10 
-167.15 -786.62 24.78 
-40.58 -581.49 428.10 
-193.86 -652.56 648.98 

-2.94 -531.63 -335.39 
-76.21 -463.52 -170.37 
-46.94 -621.02 -315.42 
-18.70 -527.95 -259.44 
-393.39 -562.27 -156.35 
-275.02 -619.15 -10.08 
-361.18 -603.46 84.82 
-336.70 -607.50 -219.74 
-961.09 481.10 5242.72 
1312.85 977.66 4306.14 
-685.23 -783.20 528.18 
887.90 -846.86 -425.82 
-202.38 -574.16 152.75 
-170.53 -683.41 133.57 
-72.48 -550.53 364.11 
-155.07 -615.47 510.98 

4.03 -555.20 -362.34 
-81.68 -483.22 -154.64 
-52.66 -633.36 -313.63 
-9.82 -546.18 -271.49 
-389.74 -567.54 -159.82 
-286.05 -623.38 -6.27 
-371.34 -597.15 63.18 
-330.62 -597.49 -200.91 
-2769.71 329.81 -4254.54 
2957.31 927.01 3654.91 
-1341.10 -659.90 975.01 
1619.78 -776.51 -966.10 
-173.18 -542.42 183.31 
-159.15 -608.43 207.26 
-96.37 -530.14 330.54 
-149.06 -583.50 406.83 

