-145.02 -437.98 -336.59 
-210.82 -419.54 -279.17 
-42.16 -614.91 -468.90 
-33.66 -458.72 -358.66 
-428.11 -391.97 -315.04 
-398.99 -658.99 -298.66 
-270.42 -640.37 -265.95 
-222.29 -418.11 -354.21 
2095.62 -2448.03 -601.73 
2333.49 1289.12 -754.96 
-1498.00 1526.75 -777.10 
-2383.26 -2786.90 -289.02 
-122.14 -435.25 74.99 
11.34 -420.75 236.38 
-166.22 -509.57 80.61 
-29.70 -478.21 136.16 

-155.76 -447.92 -296.85 
-216.74 -413.97 -240.80 
-63.86 -624.64 -477.84 
-51.06 -464.35 -366.46 
-463.39 -365.14 -377.09 
-439.41 -708.85 -349.02 
-244.72 -692.38 -316.59 
-184.85 -393.81 -418.13 
1683.54 -1981.84 474.50 
1909.52 939.70 248.00 
-1116.22 1142.29 237.95 
-1772.26 -2175.23 738.46 
-96.35 -438.05 74.78 
18.72 -418.83 290.75 
-141.23 -515.54 80.06 
-19.34 -466.70 187.15 

-156.08 -460.77 -251.62 
-218.58 -401.22 -199.86 
-89.01 -629.90 -480.30 
-76.34 -467.23 -373.66 
-514.53 -319.04 -460.14 
-499.87 -779.49 -412.14 
-205.68 -764.32 -379.82 
-125.01 -351.78 -502.54 
1167.23 -1471.60 768.86 
1357.20 472.93 595.60 
-688.10 623.79 583.36 
-1107.81 -1561.25 951.82 
-64.30 -439.18 81.36 
11.81 -415.36 344.99 
-110.72 -517.33 86.45 
-23.81 -451.22 235.46 

-137.44 -468.05 -192.59 
-192.77 -373.78 -143.78 
-125.52 -619.41 -459.34 
-108.94 -466.26 -354.53 
-604.24 -236.56 -556.10 
-598.82 -875.38 -481.09 
-145.95 -871.76 -471.09 
-25.94 -267.54 -626.26 
809.55 -1089.82 693.47 
945.39 106.82 583.58 
-359.70 260.59 634.26 
-632.10 -1153.22 907.90 
-37.22 -433.90 84.53 
-3.17 -406.37 370.32 
-88.22 -513.14 89.73 
-37.50 -436.46 261.09 

-76.93 -488.05 -132.51 
-132.37 -358.27 -94.05 
-174.16 -604.61 -393.44 
-166.91 -479.36 -287.25 
-980.67 103.33 -794.58 
-1001.76 -1279.33 -591.78 
124.29 -1325.38 -661.33 
414.67 79.22 -968.03 
439.22 -745.25 443.73 
506.88 -261.46 403.18 
-46.24 -165.65 446.18 
-169.44 -750.74 594.86 
11.47 -442.05 150.42 
-56.27 -407.25 422.34 
-34.98 -500.00 146.59 
-86.34 -426.29 305.52 

-48.50 -480.30 -130.08 
-104.67 -348.86 -85.09 
-182.14 -588.93 -353.44 
-172.05 -479.81 -247.54 
-1337.34 482.10 -872.77 
-1365.66 -1659.54 -545.57 
429.01 -1706.46 -627.87 
904.74 433.18 -1066.77 
343.01 -664.13 355.66 
393.74 -337.33 326.62 
19.57 -265.55 356.69 
-76.94 -653.63 471.09 
20.93 -444.74 204.42 
-86.46 -400.99 429.92 
-21.22 -474.43 194.35 
-115.07 -414.35 315.41 

-20.88 -481.02 -129.70 
-77.06 -347.41 -87.71 
-180.10 -574.50 -301.76 
-180.53 -487.10 -206.24 
-1866.99 1015.73 -602.22 
-1850.02 -2104.85 -132.34 
846.22 -2223.87 -316.42 
1619.20 982.29 -922.86 
288.75 -615.66 277.71 
327.01 -392.30 258.91 
66.53 -331.09 283.09 
-11.10 -596.38 383.33 
15.25 -448.70 251.54 
-110.32 -400.82 428.10 
-24.86 -457.41 235.71 
-137.41 -414.77 312.91 

-1.50 -476.91 -142.29 
-61.90 -349.10 -100.19 
-162.51 -556.56 -267.22 
-161.10 -491.10 -160.67 
-2346.64 1580.67 423.25 
-2208.14 -2400.99 875.50 
1259.34 -2555.50 671.84 
2363.62 1538.37 64.64 
249.82 -583.31 218.83 
281.97 -426.18 204.58 
92.77 -375.38 228.91 
25.94 -560.54 316.45 
-7.22 -453.52 299.73 
-133.54 -401.54 420.43 
-39.28 -438.45 278.56 
-158.34 -414.10 307.98 

-38.66 -454.48 -253.38 
-103.14 -388.56 -197.55 
-70.42 -578.16 -365.25 
-61.44 -476.38 -256.19 
-549.90 -398.64 -102.85 
-510.82 -619.22 -88.29 
-823.12 -1008.91 -516.64 
-719.73 -90.10 -717.22 
-288.00 -926.21 644.78 
-153.09 -51.01 574.29 
-50.06 -420.29 38.67 
-115.87 -571.30 112.80 
451.18 -95.62 -729.25 
62.91 -523.90 1216.05 
253.60 -1016.80 -507.74 
101.82 20.72 940.02 

-45.84 -455.60 -238.86 
-109.62 -386.51 -188.18 
-79.66 -581.54 -369.38 
-75.30 -477.26 -258.22 
-604.19 -372.42 -136.02 
-566.77 -654.54 -114.58 
-758.30 -1133.10 -667.54 
-617.04 -12.13 -912.70 
-161.86 -1010.35 843.42 
-7.57 47.30 745.20 
-103.89 -378.19 84.29 
-178.90 -608.27 171.58 
282.34 -273.04 -390.03 
100.48 -432.82 851.15 
151.62 -776.19 -256.98 
93.55 -212.54 668.13 

-57.23 -457.52 -230.96 
-118.70 -384.38 -181.98 
-90.03 -586.24 -379.09 
-84.83 -475.57 -270.66 
-669.12 -329.57 -214.16 
-637.22 -715.28 -177.26 
-584.37 -1221.73 -785.06 
-406.14 34.43 -1058.88 
31.62 -1051.10 951.34 
187.86 98.35 831.06 
-156.24 -322.70 142.22 
-247.42 -656.72 243.82 
176.56 -363.46 -129.95 
61.82 -408.54 661.97 
88.06 -629.28 -88.53 
42.56 -309.66 511.62 

-68.75 -460.96 -209.54 
-131.15 -377.39 -162.46 
-106.91 -588.72 -385.44 
-98.00 -473.04 -277.54 
-727.68 -277.04 -311.74 
-703.31 -791.18 -255.82 
-385.89 -1230.98 -801.70 
-185.52 22.61 -1077.52 
292.14 -1032.88 923.65 
431.81 77.86 806.67 
-199.92 -233.33 253.76 
-318.85 -721.74 377.71 
87.31 -398.66 -21.49 
35.84 -397.44 520.58 
18.03 -571.76 4.56 
6.75 -378.19 392.94 

-87.70 -465.06 -190.85 
-146.14 -372.24 -143.68 
-128.38 -597.98 -406.61 
-114.14 -473.42 -300.61 
-765.65 -197.86 -482.14 
-753.86 -906.62 -391.06 
-174.61 -1164.78 -716.14 
27.97 -46.34 -971.30 
477.33 -966.82 777.84 
596.66 -5.62 686.70 
-213.50 -129.25 386.21 
-361.12 -801.57 541.71 
32.14 -423.76 64.02 
-0.37 -398.94 451.86 
-21.06 -526.11 73.87 
-32.19 -406.91 333.90 

-140.80 -494.26 -104.38 
-192.93 -346.56 -65.52 
-185.15 -636.46 -474.50 
-173.55 -466.19 -378.74 
-633.65 -29.73 -882.22 
-668.56 -1155.25 -720.62 
6.72 -914.94 -413.07 
156.93 -239.97 -581.62 
590.77 -783.55 372.69 
665.42 -231.06 328.30 
-29.81 118.90 698.98 
-238.74 -980.46 924.61 
-37.95 -444.34 144.74 
-50.54 -402.61 374.51 
-81.82 -492.50 141.50 
-78.51 -439.07 261.23 

-177.36 -523.06 -23.78 
-223.78 -311.44 10.32 
-231.58 -669.01 -536.96 
-214.62 -448.88 -442.98 
-437.90 27.18 -1016.05 
-499.42 -1225.39 -839.38 
1.58 -797.86 -281.89 
117.41 -314.02 -419.44 
548.88 -700.51 212.29 
605.92 -321.39 184.59 
180.22 197.92 785.36 
-35.34 -1023.57 1030.42 
-60.21 -445.34 163.07 
-66.02 -405.92 350.94 
-100.62 -482.38 157.84 
-98.37 -443.41 242.03 

-233.46 -572.90 96.80 
-264.35 -258.62 116.83 
-291.04 -735.66 -650.98 
-259.90 -408.94 -579.12 
-196.85 27.49 -1028.64 
-271.22 -1220.45 -856.42 
-37.33 -705.10 -181.98 
49.92 -371.94 -288.94 
484.82 -645.90 112.08 
529.39 -384.59 96.83 
395.20 198.14 771.23 
185.81 -1012.32 1008.18 
-75.98 -447.87 178.88 
-79.97 -407.22 338.77 
-112.64 -473.86 171.52 
-110.91 -446.37 229.76 

-292.46 -680.11 299.95 
-301.46 -144.64 297.60 
-356.67 -859.49 -829.74 
-299.68 -333.60 -784.80 
-7.44 -26.06 -906.54 
-76.03 -1141.07 -769.71 
-88.19 -643.25 -118.50 
-19.46 -411.89 -209.25 
421.52 -606.21 47.68 
456.21 -429.94 38.06 
564.21 120.99 658.99 
382.93 -947.63 865.36 
-88.74 -450.64 189.36 
-90.27 -408.90 329.49 
-123.36 -472.21 183.74 
-121.70 -452.32 219.98 

-323.68 -916.38 641.02 
-289.55 90.21 602.62 
-436.24 -1083.81 -1113.90 
-330.13 -177.25 -1111.34 
80.80 -112.10 -719.62 
32.30 -1028.18 -626.03 
-135.76 -609.63 -82.74 
-83.63 -441.62 -164.53 
364.16 -584.08 1.12 
392.51 -469.63 -1.71 
647.33 -8.16 491.06 
498.38 -857.82 651.10 
-99.28 -456.34 198.21 
-98.43 -415.42 326.14 
-134.18 -476.06 188.29 
-131.06 -457.01 215.55 

