-89.94 -537.54 -16.26 
-137.12 -278.77 14.05 
-134.46 -537.71 -273.71 
-134.45 -505.25 -159.84 
-424.85 -478.08 -19.47 
-373.71 -517.58 -27.25 
-411.78 -531.36 -109.25 
-397.28 -471.46 -174.77 
-827.46 3669.68 -2216.22 
-561.46 -4506.29 -1371.22 
-134.82 3672.64 1251.12 
-394.22 -4534.27 2538.80 
-261.31 -426.88 131.92 
-225.01 -408.16 11.95 
-296.70 -506.66 143.98 
-283.31 -580.43 -35.71 

-52.69 -546.66 16.38 
-99.38 -264.06 43.39 
-142.69 -521.47 -247.01 
-146.45 -513.36 -133.18 
-443.10 -484.43 8.61 
-390.38 -505.25 -0.98 
-434.34 -540.78 -127.57 
-418.67 -464.22 -197.07 
-123.39 1967.30 -2501.18 
-428.69 -3067.82 -1791.52 
477.33 2129.02 1682.06 
-422.18 -2794.64 2584.24 
-271.06 -419.34 99.52 
-186.98 -408.66 -19.62 
-309.15 -519.63 114.96 
-250.58 -590.77 -65.66 

-13.42 -553.25 27.86 
-60.40 -261.34 55.73 
-150.34 -509.07 -217.54 
-156.80 -521.94 -101.82 
-475.54 -494.86 44.05 
-418.16 -492.11 35.18 
-468.32 -561.90 -161.57 
-448.74 -454.45 -238.59 
375.55 710.62 -1892.03 
185.18 -1894.21 -1460.61 
649.02 951.31 1363.65 
224.82 -1633.47 1871.42 
-274.75 -413.58 58.24 
-138.86 -409.02 -27.20 
-316.80 -539.79 81.55 
-205.49 -599.42 -72.93 

31.58 -555.97 23.01 
-16.86 -259.23 52.85 
-148.99 -495.10 -178.96 
-156.08 -537.31 -64.53 
-513.87 -518.03 107.17 
-450.06 -462.40 93.49 
-514.35 -590.85 -213.81 
-489.79 -437.23 -296.14 
499.76 74.78 -1232.72 
389.62 -1251.26 -1001.90 
642.69 253.58 931.36 
438.98 -1026.43 1204.96 
-271.12 -407.70 17.09 
-92.88 -410.26 -20.38 
-316.61 -560.13 46.11 
-166.96 -600.38 -67.89 

73.41 -552.66 -3.07 
24.48 -267.47 32.51 
-137.09 -478.85 -137.98 
-149.54 -541.66 -24.94 
-561.01 -554.96 212.85 
-485.89 -406.77 189.06 
-575.12 -639.89 -281.94 
-542.74 -404.99 -385.10 
482.34 -226.08 -780.14 
419.31 -922.02 -658.61 
562.91 -102.82 600.56 
455.47 -739.06 761.25 
-253.79 -399.06 -24.61 
-53.57 -407.81 5.46 
-307.70 -579.76 8.45 
-124.96 -590.03 -47.42 

124.13 -537.39 -76.98 
70.50 -290.88 -36.27 
-80.22 -446.02 -71.74 
-94.96 -558.51 39.87 
-688.37 -764.50 638.14 
-558.19 -125.01 555.04 
-753.97 -917.84 -611.14 
-653.34 -202.54 -813.46 
378.08 -446.82 -322.27 
362.10 -656.51 -280.14 
396.00 -372.50 262.80 
340.40 -553.42 347.41 
-181.65 -384.02 -93.94 
-6.26 -404.16 88.38 
-246.77 -609.55 -53.46 
-76.45 -559.26 26.02 

133.63 -518.96 -117.55 
74.88 -306.37 -77.78 
-34.99 -434.86 -56.78 
-52.11 -558.30 62.19 
-710.51 -1056.86 1085.90 
-518.27 259.04 888.27 
-864.88 -1264.19 -922.29 
-665.26 76.88 -1256.82 
334.35 -479.62 -219.09 
322.38 -606.74 -195.55 
342.19 -419.42 176.62 
293.26 -521.95 251.18 
-132.43 -379.28 -105.49 
-1.79 -402.43 130.45 
-204.40 -615.01 -65.02 
-69.41 -541.14 64.34 

130.43 -505.34 -156.99 
68.22 -316.58 -113.23 
10.93 -427.87 -58.48 
-6.54 -553.92 61.65 
-624.80 -1691.65 1705.94 
-325.06 977.65 1302.59 
-906.19 -1964.27 -1351.87 
-443.34 697.10 -1956.30 
293.65 -498.37 -153.60 
292.37 -574.53 -134.88 
297.73 -443.74 126.40 
254.08 -504.40 193.73 
-84.98 -375.90 -98.58 
-4.30 -398.90 166.56 
-157.95 -610.70 -59.38 
-66.96 -521.78 96.78 

121.73 -492.51 -189.95 
60.22 -328.74 -143.46 
50.46 -431.10 -77.71 
34.62 -550.93 41.87 
-221.07 -2867.76 2297.55 
188.40 2208.54 1546.37 
-724.16 -3198.93 -1681.68 
282.32 1898.03 -2708.80 
267.65 -508.85 -110.16 
268.90 -556.61 -98.19 
268.82 -459.17 94.34 
225.26 -495.09 156.96 
-44.48 -379.34 -72.46 
-12.54 -398.90 201.26 
-115.71 -601.76 -39.66 
-72.98 -506.62 122.77 

108.32 -483.81 -217.95 
45.50 -345.46 -170.13 
83.09 -440.96 -110.45 
65.28 -539.47 13.89 
58.35 -4535.25 2007.49 
932.46 3682.42 965.04 
-93.23 -4756.35 -1304.91 
1615.46 3634.66 -2677.89 
241.95 -514.99 -81.10 
250.40 -545.65 -74.51 
245.65 -470.74 72.38 
203.79 -495.70 134.86 
-16.78 -383.30 -34.66 
-25.58 -398.22 227.87 
-85.39 -586.99 -7.89 
-82.43 -493.44 149.54 

25.34 -468.96 -191.52 
-37.01 -359.87 -140.54 
-46.05 -541.66 -260.14 
-46.24 -487.06 -142.50 
-231.70 -528.43 139.81 
-166.00 -413.06 106.86 
-519.63 -245.33 364.05 
-577.70 -636.94 360.66 
464.50 -646.06 403.31 
496.80 -370.45 371.74 
72.26 -378.99 229.09 
7.06 -560.75 316.11 
-899.73 355.94 -921.26 
762.43 24.74 -554.69 
-1115.15 -1489.47 -476.69 
446.35 -1225.79 -291.02 

34.34 -472.37 -173.02 
-26.00 -351.82 -125.89 
-50.40 -531.44 -241.71 
-48.62 -489.74 -127.28 
-241.76 -548.91 200.69 
-169.84 -378.22 163.87 
-678.83 -287.86 281.26 
-740.21 -596.94 274.54 
624.83 -589.78 261.41 
635.62 -438.34 247.79 
95.36 -347.81 277.54 
25.33 -578.30 374.18 
-602.10 2.38 -657.15 
434.42 -185.94 -418.78 
-753.97 -1105.89 -392.99 
228.34 -976.75 -287.97 

43.04 -483.12 -150.51 
-17.63 -345.25 -108.62 
-59.87 -525.14 -218.08 
-62.30 -504.32 -104.99 
-279.65 -580.43 278.62 
-198.86 -343.94 234.06 
-811.86 -400.19 116.58 
-857.90 -525.86 69.14 
719.98 -524.38 42.91 
708.99 -535.12 56.61 
139.79 -318.93 339.14 
62.83 -598.10 439.38 
-425.33 -191.06 -440.77 
231.46 -303.52 -258.50 
-539.82 -876.42 -276.00 
87.20 -808.35 -213.73 

57.06 -497.15 -121.22 
-3.01 -323.46 -78.46 
-70.94 -509.47 -188.53 
-74.77 -512.67 -74.53 
-349.68 -599.30 351.01 
-263.17 -310.51 298.42 
-850.18 -533.38 -96.64 
-866.82 -439.63 -181.58 
704.99 -448.24 -204.69 
679.12 -636.03 -163.31 
215.95 -287.31 390.11 
133.68 -614.00 499.71 
-323.28 -295.14 -270.00 
105.09 -362.70 -133.42 
-406.46 -736.78 -173.07 
-1.60 -698.62 -137.39 

77.33 -512.88 -81.22 
22.00 -304.34 -43.63 
-86.90 -485.84 -149.20 
-95.34 -521.50 -33.95 
-465.41 -613.50 397.25 
-371.31 -289.60 341.76 
-785.23 -654.29 -290.90 
-762.82 -367.22 -406.45 
590.42 -389.70 -397.54 
556.96 -707.92 -335.92 
329.78 -264.82 416.30 
246.21 -620.43 530.26 
-260.13 -352.46 -151.15 
26.78 -391.86 -35.73 
-331.86 -648.69 -94.45 
-56.21 -618.69 -69.39 

149.44 -581.87 39.04 
100.19 -224.35 62.18 
-155.31 -411.81 -33.74 
-174.72 -585.36 89.28 
-778.82 -576.61 264.67 
-685.58 -373.76 243.47 
-511.22 -756.78 -445.50 
-438.72 -330.10 -582.56 
276.72 -372.29 -496.75 
251.06 -737.78 -438.18 
607.41 -325.30 285.73 
550.51 -569.84 373.50 
-197.82 -409.60 -6.40 
-56.27 -419.10 93.73 
-249.42 -556.61 17.89 
-115.33 -540.98 32.94 

220.11 -651.39 117.98 
180.67 -153.92 133.66 
-218.21 -343.62 54.03 
-248.30 -646.80 179.60 
-876.40 -517.65 69.66 
-798.50 -470.61 76.62 
-400.48 -740.70 -420.46 
-327.55 -351.89 -546.02 
156.26 -391.81 -446.91 
136.03 -719.02 -399.30 
684.69 -443.73 96.43 
659.60 -497.47 137.98 
-182.90 -425.30 40.66 
-79.89 -424.18 132.72 
-229.55 -531.78 55.14 
-134.82 -518.90 62.67 

336.88 -762.54 218.24 
309.22 -44.14 218.05 
-318.51 -233.28 170.72 
-368.32 -746.72 307.09 
-877.42 -453.25 -156.74 
-824.62 -583.26 -118.59 
-328.74 -707.58 -368.56 
-261.15 -381.57 -479.12 
81.10 -415.25 -376.90 
63.17 -688.80 -337.49 
651.57 -585.92 -129.74 
652.42 -414.86 -132.53 
-174.22 -433.95 76.46 
-96.66 -428.24 164.88 
-217.20 -515.52 87.07 
-146.61 -507.52 87.38 

508.85 -949.82 348.10 
503.89 153.06 329.18 
-502.83 -62.30 282.48 
-575.70 -918.21 437.18 
-766.62 -368.61 -400.40 
-744.38 -707.58 -339.10 
-271.66 -675.63 -320.03 
-210.11 -399.47 -415.95 
55.82 -442.82 -298.67 
44.56 -648.40 -271.54 
539.33 -663.66 -274.98 
547.94 -366.30 -306.62 
-164.54 -438.14 101.38 
-105.73 -426.27 189.10 
-204.62 -501.30 106.58 
-150.96 -487.97 107.20 

790.80 -1257.97 424.30 
830.34 454.77 396.82 
-803.66 211.86 382.32 
-903.23 -1204.18 545.95 
-608.19 -330.69 -523.41 
-607.49 -769.17 -458.70 
-249.65 -644.43 -265.28 
-196.13 -420.10 -354.53 
45.71 -463.18 -234.51 
40.14 -620.90 -213.47 
381.41 -722.30 -364.46 
392.64 -341.63 -404.37 
-158.83 -443.09 122.02 
-113.28 -426.08 207.38 
-197.18 -493.92 123.68 
-156.75 -482.94 124.61 

