#Contains 8 data x = 0, y from positive to negtive 4, 3, 2, 1, 1, 2, 3, 4

-152.26 -455.87 -355.38 
-191.39 -443.10 -284.74 
-42.48 -638.86 -470.64 
-39.78 -476.98 -370.98 
-436.70 -446.61 -343.65 
-396.91 -687.68 -277.14 
-276.66 -661.22 -257.68 
-219.71 -444.38 -374.96 
3445.92 -1758.83 -263.78 
1466.83 833.33 -740.72 
-707.07 917.70 -801.31 
-3917.31 -2748.70 176.66 
-141.17 -459.30 58.45 
-23.20 -387.92 241.62 
-191.12 -525.54 79.62 
-88.50 -459.97 185.54 

-165.02 -455.02 -302.98 
-196.30 -426.27 -250.94 
-64.86 -636.54 -471.94 
-60.02 -473.82 -373.65 
-472.69 -419.38 -417.70 
-427.54 -728.43 -317.23 
-253.17 -704.75 -293.42 
-173.87 -419.52 -454.50 
2524.66 -1973.02 1019.17 
1344.94 705.74 -24.86 
-602.26 820.59 -68.46 
-2599.68 -2284.94 1392.72 
-113.79 -450.53 49.09 
-15.62 -374.66 288.56 
-168.21 -523.49 76.16 
-77.31 -434.90 218.90 

-163.70 -455.54 -253.49 
-199.20 -402.05 -204.75 
-86.85 -636.18 -472.22 
-85.65 -466.75 -379.89 
-530.45 -378.96 -523.18 
-473.10 -794.32 -365.98 
-214.54 -771.02 -340.56 
-98.32 -382.43 -554.35 
1578.16 -1367.06 1191.62 
1050.10 413.44 326.62 
-407.25 502.51 276.00 
-1486.75 -1498.26 1384.34 
-78.90 -445.44 56.02 
-19.70 -359.09 347.30 
-136.58 -515.68 78.34 
-77.98 -408.64 263.07 

-147.55 -462.93 -203.87 
-183.47 -384.35 -171.62 
-113.78 -633.84 -463.26 
-115.02 -470.46 -370.27 
-632.64 -314.58 -663.62 
-548.43 -897.92 -415.41 
-160.10 -872.77 -390.24 
18.46 -325.50 -698.70 
992.03 -992.54 978.74 
789.92 128.54 419.90 
-229.04 215.30 390.48 
-811.73 -1061.06 1128.08 
-44.35 -444.50 73.66 
-43.31 -359.94 390.90 
-109.18 -509.86 92.42 
-91.44 -386.75 295.92 

-87.55 -473.09 -132.86 
-127.04 -362.96 -117.66 
-159.28 -612.43 -403.95 
-176.69 -480.08 -304.75 
-1134.83 -0.50 -1086.42 
-830.80 -1258.37 -431.52 
27.14 -1252.06 -445.49 
583.25 -44.94 -1178.96 
481.65 -674.27 555.33 
468.85 -219.17 344.62 
-9.02 -148.48 350.72 
-219.89 -695.86 672.32 
5.54 -444.82 145.12 
-99.34 -354.32 430.62 
-64.27 -488.45 145.52 
-134.59 -374.90 329.60 

-49.26 -473.10 -124.58 
-101.76 -351.28 -107.49 
-173.38 -597.94 -362.56 
-192.06 -478.69 -254.46 
-1707.79 375.17 -1318.74 
-1055.23 -1541.68 -303.02 
194.37 -1547.46 -342.66 
1245.73 294.54 -1471.60 
372.45 -613.36 420.43 
384.46 -309.04 287.18 
47.17 -249.82 298.19 
-97.28 -621.31 524.45 
12.61 -447.52 198.27 
-128.70 -352.34 441.34 
-54.53 -470.86 185.25 
-161.38 -374.24 336.67 

-21.86 -473.20 -127.12 
-75.50 -355.50 -111.23 
-171.14 -579.28 -319.71 
-193.70 -486.16 -203.66 
-2659.54 1042.10 -1254.58 
-1295.38 -1821.82 72.94 
396.58 -1851.50 -3.23 
2391.98 886.34 -1521.87 
305.41 -575.33 320.16 
331.44 -367.25 237.14 
78.13 -317.79 249.18 
-25.87 -579.28 414.21 
4.37 -449.39 248.88 
-157.02 -357.39 436.54 
-57.86 -457.22 222.35 
-184.85 -376.37 332.42 

5.76 -472.19 -135.22 
-51.42 -354.54 -116.37 
-154.51 -555.89 -274.05 
-175.23 -491.34 -145.30 
-3805.18 1386.67 107.49 
-1393.25 -1822.74 821.49 
511.98 -2017.62 678.72 
3939.70 1376.40 -605.50 
266.05 -552.35 241.87 
291.23 -410.46 193.22 
109.84 -362.56 209.20 
22.54 -551.92 340.94 
-13.70 -450.90 286.64 
-171.42 -355.60 425.50 
-71.23 -440.11 250.51 
-198.40 -378.14 330.06 

#contains 10 data, y = 0, x from negative to positive 5, 4, 3, 2, 1, 1, 2, 3, 4, 5

-44.16 -462.51 -256.90 
-95.62 -409.26 -210.35 
-70.02 -594.88 -373.44 
-79.38 -485.41 -256.46 
-572.13 -442.66 -117.20 
-496.69 -644.70 -89.30 
-740.99 -1021.57 -414.14 
-811.39 -165.79 -867.58 
-357.74 -842.86 799.62 
-70.18 -42.91 435.95 
-18.82 -418.24 28.40 
-132.58 -574.21 115.10 
488.14 -199.94 -979.23 
-4.86 -401.20 1405.54 
187.04 -955.47 -305.39 
54.94 24.43 772.50 

-48.21 -461.01 -251.23 
-108.85 -401.79 -199.38 
-78.06 -594.40 -376.85 
-82.16 -482.14 -265.84 
-637.76 -419.60 -164.88 
-544.98 -683.10 -114.64 
-672.96 -1132.99 -525.82 
-685.38 -97.39 -1123.14 
-226.59 -911.50 1053.66 
40.27 52.88 552.16 
-61.78 -373.68 58.03 
-205.33 -597.39 172.22 
317.52 -348.59 -455.66 
42.66 -355.23 962.53 
109.90 -741.20 -146.34 
25.06 -162.66 610.93 

-58.10 -459.44 -232.90 
-116.88 -395.15 -191.39 
-88.43 -595.44 -383.41 
-90.85 -473.94 -270.08 
-710.86 -386.00 -249.68 
-597.78 -740.99 -156.51 
-541.26 -1200.11 -599.01 
-445.30 -61.25 -1297.71 
27.71 -942.99 1208.06 
212.16 104.77 618.46 
-103.10 -307.55 109.28 
-293.68 -632.48 270.38 
182.91 -400.74 -194.56 
29.31 -342.26 702.18 
38.30 -631.57 -44.54 
-17.09 -269.79 482.48 

-73.18 -458.45 -218.05 
-124.35 -390.58 -182.83 
-102.02 -599.31 -393.47 
-112.62 -476.88 -284.14 
-785.94 -340.48 -386.26 
-646.74 -818.42 -226.06 
-372.22 -1204.21 -609.52 
-158.93 -79.78 -1315.78 
323.71 -926.24 1185.49 
391.94 93.78 603.23 
-134.99 -222.74 183.22 
-376.70 -683.54 418.30 
90.67 -428.70 -42.35 
-6.83 -346.05 556.96 
-13.98 -565.30 31.57 
-50.53 -327.81 400.30 

-90.78 -463.39 -190.51 
-143.26 -380.62 -158.13 
-120.10 -607.12 -409.25 
-132.99 -478.99 -304.94 
-838.14 -281.04 -579.95 
-679.89 -920.66 -316.80 
-209.68 -1144.06 -550.32 
78.19 -142.10 -1170.38 
563.73 -861.55 989.14 
536.56 18.45 515.73 
-134.13 -112.38 282.59 
-434.50 -752.94 631.46 
26.11 -439.86 38.91 
-38.30 -350.10 466.58 
-55.23 -528.37 75.63 
-87.81 -362.72 345.47 

-147.26 -481.70 -93.42 
-182.62 -347.84 -92.83 
-175.15 -642.34 -466.53 
-188.06 -472.83 -389.79 
-698.51 -139.10 -1089.62 
-596.96 -1144.80 -550.42 
-52.06 -917.89 -335.78 
224.11 -300.96 -673.57 
680.85 -703.94 469.12 
607.84 -196.22 258.99 
29.28 118.35 508.64 
-295.38 -897.76 1135.62 
-50.29 -449.98 125.82 
-89.66 -356.58 380.03 
-110.66 -491.73 131.71 
-123.47 -392.21 284.98 

-191.98 -504.77 -4.86 
-209.73 -323.23 -40.46 
-214.69 -683.07 -521.92 
-232.53 -457.20 -482.72 
-456.77 -94.51 -1266.74 
-451.12 -1209.52 -635.28 
-49.49 -806.14 -233.01 
171.26 -362.16 -460.19 
619.23 -645.52 280.51 
564.93 -286.90 156.70 
192.02 184.38 567.86 
-61.78 -935.60 1282.16 
-73.15 -452.24 149.68 
-103.90 -362.24 359.74 
-127.78 -482.56 145.97 
-140.96 -402.05 270.03 

-248.26 -546.29 149.58 
-250.38 -264.96 47.34 
-267.36 -748.90 -606.37 
-286.96 -432.24 -632.91 
-173.47 -94.70 -1270.90 
-276.62 -1204.27 -645.06 
-76.48 -720.61 -161.62 
89.34 -403.74 -316.21 
537.42 -600.80 148.62 
505.06 -358.53 80.27 
368.42 185.87 560.99 
227.39 -924.46 1259.71 
-91.81 -452.22 164.24 
-119.33 -365.20 346.11 
-140.94 -477.30 156.93 
-154.22 -403.26 257.42 

-304.34 -637.26 419.78 
-283.20 -156.88 180.58 
-331.87 -865.22 -732.48 
-329.54 -371.36 -904.53 
54.83 -137.76 -1104.42 
-124.94 -1131.94 -589.02 
-113.62 -658.56 -110.45 
8.18 -430.42 -222.53 
457.74 -570.72 67.38 
443.63 -408.64 28.56 
504.93 117.63 486.38 
462.53 -868.50 1069.86 
-104.19 -452.98 172.18 
-130.00 -366.22 332.67 
-151.74 -471.90 170.10 
-160.58 -414.42 249.02 

-328.70 -839.55 900.86 
-312.98 46.78 370.19 
-397.89 -1070.29 -919.49 
-334.56 -216.96 -1382.61 
167.36 -207.49 -855.34 
-21.41 -1021.92 -482.16 
-149.36 -618.69 -79.95 
-60.69 -447.58 -170.85 
391.65 -551.46 20.80 
389.14 -443.90 4.34 
572.27 8.77 374.67 
581.81 -791.15 805.87 
-114.64 -453.02 182.05 
-141.68 -366.70 328.53 
-160.32 -469.01 171.73 
-171.86 -410.02 245.02 

