#contains 10 data x = 0, y from positive to negative 5,4,3,2,1,1,2,3,4,5
-94.40 -512.69 12.72 
-123.57 -266.58 -16.45 
-127.22 -532.58 -285.94 
-148.05 -520.30 -159.46 
-424.22 -488.05 -17.23 
-372.77 -519.66 -37.66 
-405.90 -537.06 -114.16 
-397.73 -467.49 -179.06 
-494.29 1751.25 -3517.04 
-154.77 -3157.04 -648.06 
637.94 2212.54 608.38 
-88.61 -3995.54 4707.07 
-288.22 -441.28 111.84 
-269.66 -387.49 9.36 
-317.20 -514.18 134.40 
-302.69 -546.74 15.31 

-57.68 -518.64 46.66 
-90.72 -254.93 4.90 
-135.54 -518.21 -263.62 
-169.57 -519.34 -125.38 
-446.58 -492.94 8.91 
-389.23 -508.42 -16.77 
-428.70 -547.38 -135.04 
-421.86 -462.66 -208.67 
-1233.12 2260.21 -4096.48 
127.76 -2378.93 -994.53 
716.29 1413.22 923.04 
-1434.99 -3243.74 4287.52 
-298.53 -437.74 77.14 
-232.62 -393.09 -479.33 
-328.58 -530.22 109.25 
-270.64 -560.42 -8.05 

-10.26 -528.18 60.61 
-48.74 -253.71 14.64 
-140.05 -507.39 -235.02 
-175.62 -527.87 -87.06 
-477.18 -506.24 56.46 
-413.22 -496.61 20.30 
-464.58 -569.90 -161.31 
-457.47 -459.34 -247.74 
58.90 674.43 -2717.34 
345.66 -1656.37 -914.83 
705.02 650.38 864.69 
67.90 -1622.94 2695.55 
-305.54 -438.98 35.04 
-178.77 -397.02 -32.64 
-337.04 -553.44 85.79 
-235.10 -572.98 -12.30 

37.18 -532.30 54.30 
-12.94 -257.79 6.48 
-139.31 -493.62 -204.50 
-179.12 -537.41 -47.49 
-520.61 -522.51 124.30 
-446.74 -469.38 63.31 
-504.53 -605.28 -204.80 
-500.19 -447.10 -319.44 
463.14 -20.78 -1598.46 
438.05 -1170.13 -693.92 
626.27 168.75 659.39 
428.22 -966.37 1602.54 
-299.68 -437.38 -12.16 
-130.58 -398.32 -24.48 
-336.38 -577.15 51.55 
-193.81 -572.91 -6.93 

84.05 -526.29 31.17 
28.42 -260.56 -4.38 
-127.38 -472.26 -169.26 
-168.24 -538.72 -0.83 
-567.79 -550.58 248.86 
-475.71 -411.54 136.90 
-557.78 -648.94 -259.46 
-560.72 -418.40 -423.82 
491.25 -291.57 -947.20 
426.53 -903.44 -490.51 
541.84 -127.71 464.02 
481.70 -681.02 939.92 
-283.79 -430.88 -58.13 
-88.88 -394.34 -4.91 
-326.54 -595.76 17.76 
-162.35 -566.90 8.11 

138.27 -511.10 -55.78 
72.77 -291.97 -69.90 
-74.18 -435.55 -111.49 
-110.22 -545.52 86.53 
-686.80 -729.41 813.94 
-547.60 -152.22 393.12 
-718.77 -894.40 -494.82 
-685.34 -246.62 -980.98 
394.96 -469.81 -357.82 
361.44 -657.97 -231.55 
387.84 -364.35 226.94 
360.53 -522.05 395.90 
-205.52 -419.14 -138.90 
-41.98 -383.86 83.15 
-270.05 -624.14 -36.45 
-117.57 -529.25 67.90 

146.56 -500.62 -103.49 
76.30 -303.57 -100.94 
-32.43 -424.82 -97.70 
-60.74 -546.19 103.34 
-656.91 -1020.46 1472.88 
-546.74 156.27 586.43 
-825.55 -1170.62 -676.05 
-673.76 18.42 -1617.74 
346.08 -495.71 -237.57 
329.82 -610.03 -164.38 
337.65 -416.40 161.04 
310.37 -498.62 281.34 
-153.86 -416.98 -151.60 
-36.88 -377.22 129.31 
-233.28 -632.45 -45.04 
-113.62 -508.24 95.30 

143.30 -492.19 -147.04 
69.62 -320.64 -132.21 
7.17 -420.16 -99.17 
-7.30 -540.14 101.49 
-376.03 -1704.69 2535.58 
-494.50 657.26 775.58 
-905.33 -1682.64 -881.36 
-250.91 676.21 -2788.75 
310.29 -510.16 -158.61 
301.14 -577.39 -111.97 
298.74 -442.72 113.52 
264.50 -488.88 218.93 
-100.11 -414.88 -141.18 
-43.20 -371.68 169.60 
-191.01 -630.00 -40.30 
-114.06 -494.91 125.98 

132.72 -483.02 -185.79 
63.12 -337.47 -158.93 
44.72 -423.76 -115.90 
41.42 -535.95 79.04 
735.49 -3255.26 3897.87 
-322.24 1407.90 802.77 
-918.88 -2446.83 -951.65 
1273.65 2194.16 -4397.73 
281.18 -516.94 -110.93 
279.12 -557.73 -79.14 
270.82 -457.81 94.46 
233.33 -481.04 180.40 
-54.96 -414.67 -109.22 
-53.66 -366.80 209.86 
-152.06 -621.22 -23.44 
-116.59 -477.55 150.83 

118.46 -473.81 -214.29 
45.90 -345.33 -178.42 
73.74 -432.96 -144.34 
70.02 -526.69 43.42 
173.09 -2265.15 4037.14 
-85.60 2179.78 393.94 
-821.42 -3278.74 -625.42 
756.50 1666.29 -3911.89 
258.83 -519.47 -84.10 
261.58 -543.50 -59.26 
248.86 -467.97 74.83 
210.62 -477.71 151.70 
-24.82 -414.46 -66.27 
-61.89 -366.83 231.92 
-127.60 -602.66 3.79 
-123.38 -462.14 169.50 

#contains 10 data, y = 0, x from negative to positive, 5,4,3,2,1,1,2,3,4,5
27.87 -461.25 -188.38 
-24.54 -368.77 -157.70 
-43.97 -540.99 -269.07 
-52.30 -489.98 -142.32 
-215.54 -501.28 156.96 
-184.22 -407.34 76.93 
-508.51 -257.14 265.65 
-581.68 -599.26 440.14 
497.55 -611.09 487.02 
482.00 -354.16 314.22 
95.14 -364.86 206.69 
-4.42 -527.79 345.25 
-1193.06 196.70 -1358.62 
880.26 -82.16 -701.66 
-910.91 -1400.00 -192.05 
221.10 -1114.51 -67.44 

36.02 -466.94 -167.54 
-23.62 -359.87 -137.98 
-48.66 -533.84 -254.06 
-64.30 -489.47 -120.13 
-226.35 -516.85 230.70 
-197.22 -375.97 123.58 
-648.69 -320.59 187.68 
-782.06 -559.09 320.10 
677.76 -582.19 350.50 
593.34 -413.07 223.70 
113.47 -333.54 251.15 
3.39 -541.90 418.50 
-730.21 -126.56 -909.79 
469.66 -253.71 -483.46 
-668.08 -1097.41 -224.00 
93.25 -913.04 -108.50 

45.97 -483.38 -147.68 
-9.62 -360.06 -128.77 
-55.09 -531.09 -233.38 
-67.68 -507.42 -95.49 
-258.40 -547.52 322.78 
-227.66 -347.18 179.06 
-753.76 -418.88 65.18 
-921.66 -519.15 110.16 
803.44 -526.59 62.77 
657.65 -534.32 54.58 
168.06 -314.42 296.56 
53.34 -563.42 497.62 
-506.27 -297.84 -567.25 
219.14 -338.13 -297.58 
-519.57 -895.22 -168.06 
-8.21 -778.56 -91.95 

61.98 -496.66 -115.82 
-2.38 -344.83 -101.92 
-66.66 -518.86 -210.03 
-86.26 -524.27 -62.40 
-332.48 -573.54 412.62 
-286.94 -321.46 230.14 
-789.30 -547.63 -99.10 
-939.82 -457.73 -188.14 
783.20 -471.98 -242.54 
631.97 -642.59 -119.02 
240.99 -291.81 333.73 
131.84 -580.86 569.12 
-376.50 -373.14 -347.66 
75.78 -375.38 -144.43 
-417.50 -768.14 -107.39 
-71.14 -678.29 -45.30 

87.57 -493.20 -65.46 
21.30 -299.95 -66.22 
-83.58 -480.82 -175.12 
-112.13 -514.74 -15.07 
-464.40 -568.90 463.25 
-387.28 -300.88 252.48 
-730.13 -665.02 -263.31 
-807.87 -383.73 -483.17 
648.83 -424.37 -447.18 
536.14 -693.78 -251.02 
331.63 -254.05 353.76 
242.22 -579.10 624.26 
-293.02 -398.13 -214.10 
-8.58 -380.59 -41.07 
-344.46 -668.46 -64.50 
-107.89 -588.32 -4.64 

172.91 -548.50 72.56 
97.30 -219.52 10.94 
-135.89 -397.90 -86.13 
-196.11 -561.39 136.85 
-815.09 -557.20 355.50 
-637.15 -368.10 173.60 
-512.93 -752.53 -384.61 
-453.47 -375.89 -645.20 
262.56 -410.37 -577.92 
263.12 -751.98 -357.73 
567.95 -346.08 227.12 
610.22 -532.46 426.61 
-224.85 -434.85 -34.91 
-96.96 -391.66 96.05 
-274.72 -570.67 22.37 
-159.17 -512.14 63.04 

257.62 -608.99 179.71 
160.78 -145.49 67.07 
-188.06 -331.02 -21.81 
-282.37 -613.36 257.04 
-943.87 -514.99 110.54 
-737.10 -475.57 34.27 
-414.45 -750.90 -374.11 
-324.91 -397.60 -601.33 
139.22 -435.68 -506.16 
165.58 -738.64 -331.66 
624.96 -455.42 86.34 
732.96 -484.10 159.58 
-206.93 -446.14 19.23 
-120.29 -396.14 137.57 
-256.77 -548.35 57.04 
-172.80 -494.98 91.25 

394.37 -706.98 332.34 
252.21 -34.82 124.06 
-272.45 -226.29 42.19 
-435.42 -697.98 416.38 
-946.72 -450.14 -206.96 
-760.08 -611.20 -140.29 
-337.41 -729.81 -341.60 
-238.94 -418.70 -529.54 
76.05 -459.52 -411.71 
112.51 -704.80 -283.52 
603.55 -565.17 -66.32 
724.34 -436.18 -126.27 
-192.83 -454.82 56.46 
-133.86 -393.66 174.90 
-241.54 -530.30 80.48 
-183.79 -477.46 117.63 

640.85 -868.00 523.98 
418.90 144.66 151.94 
-396.83 -52.45 101.81 
-692.70 -846.62 640.54 
-822.03 -395.25 -452.64 
-696.86 -702.00 -290.51 
-290.21 -689.87 -298.34 
-200.42 -430.61 -447.44 
40.24 -470.77 -324.88 
77.25 -665.39 -232.51 
503.41 -664.86 -206.22 
589.94 -384.11 -376.18 
-184.37 -450.75 81.41 
-141.14 -386.88 193.04 
-230.86 -508.10 97.74 
-185.38 -459.86 132.18 

1062.13 -1171.86 711.87 
633.25 391.81 134.72 
-586.06 190.72 107.62 
-1154.21 -1134.51 897.79 
-641.70 -372.56 -587.04 
-589.14 -761.09 -385.09 
-265.70 -657.09 -254.54 
-187.39 -445.20 -378.58 
32.38 -485.86 -250.56 
65.57 -632.94 -183.10 
368.80 -727.90 -284.08 
399.09 -366.66 -490.37 
-178.78 -452.56 103.18 
-154.53 -385.09 211.62 
-224.37 -497.84 112.21 
-192.53 -454.05 144.22 

