-7.52 -445.87 -271.12 
-64.30 -416.99 -222.80 
-40.99 -604.90 -360.24 
-31.84 -505.49 -227.58 
-345.97 -487.90 -91.09 
-303.34 -555.97 -95.79 
-326.70 -527.09 -72.03 
-311.10 -483.70 -112.66 
155.92 -525.44 -2.82 
171.86 -537.84 -2.27 
157.30 -510.59 16.21 
120.27 -535.49 53.14 
-136.82 -459.14 215.52 
-147.04 -458.45 264.05 
-174.03 -474.74 191.62 
-171.22 -469.98 185.41 

-7.36 -446.42 -269.39 
-65.95 -419.98 -226.38 
-41.02 -604.19 -360.13 
-37.31 -504.27 -227.50 
-346.83 -487.71 -92.03 
-304.06 -554.75 -94.32 
-325.90 -526.88 -70.74 
-310.21 -483.94 -113.76 
156.83 -525.84 -3.86 
172.93 -532.72 -5.02 
157.68 -509.55 16.54 
123.52 -536.42 52.82 
-136.67 -459.20 219.90 
-147.31 -457.92 264.85 
-175.23 -475.60 191.26 
-171.07 -470.66 188.08 

-7.10 -449.25 -269.76 
-66.51 -422.22 -227.25 
-40.19 -606.18 -361.90 
-44.91 -500.16 -228.46 
-347.14 -490.51 -92.32 
-305.97 -556.51 -91.90 
-326.67 -529.26 -71.41 
-311.41 -486.93 -111.30 
157.73 -527.57 -5.18 
173.92 -534.70 -3.84 
157.89 -512.77 15.58 
123.31 -537.22 51.34 
-136.96 -460.74 222.93 
-147.55 -459.66 265.74 
-175.95 -476.37 195.20 
-171.28 -472.26 186.67 

-7.89 -452.48 -272.51 
-63.68 -426.03 -228.61 
-41.20 -610.85 -364.48 
-37.66 -506.13 -228.51 
-348.88 -493.44 -91.25 
-306.67 -560.72 -95.57 
-330.10 -532.27 -70.93 
-314.69 -490.45 -112.77 
159.71 -531.78 -1.90 
175.25 -539.42 -4.45 
160.18 -516.24 17.26 
125.07 -542.45 52.91 
-136.53 -464.75 221.52 
-146.67 -463.52 268.85 
-176.46 -481.84 192.30 
-172.61 -475.68 191.52 

-7.70 -448.27 -270.29 
-66.74 -418.48 -223.76 
-37.70 -605.47 -360.77 
-41.71 -500.24 -227.34 
-347.20 -489.01 -92.56 
-305.06 -557.76 -95.41 
-327.57 -528.58 -72.10 
-310.99 -486.19 -112.38 
157.10 -528.30 -2.77 
174.00 -535.90 -4.13 
158.14 -512.46 16.80 
124.08 -538.14 52.72 
-137.39 -460.86 217.95 
-146.61 -459.74 266.46 
-174.40 -477.23 192.94 
-171.28 -472.18 186.85 

-5.76 -444.93 -269.17 
-68.88 -417.07 -225.81 
-40.43 -600.75 -359.34 
-37.23 -499.15 -225.12 
-344.94 -486.02 -92.43 
-303.42 -552.85 -96.58 
-324.90 -526.35 -71.42 
-309.62 -483.07 -112.74 
156.03 -524.16 -2.69 
173.39 -532.51 -2.80 
157.09 -509.28 15.15 
122.26 -533.52 53.22 
-137.36 -457.10 216.48 
-145.97 -460.02 263.31 
-174.50 -473.23 190.91 
-170.78 -469.36 184.59 

-7.63 -447.94 -268.26 
-60.96 -423.47 -226.74 
-37.49 -604.35 -360.11 
-38.29 -501.71 -225.12 
-346.88 -488.99 -92.16 
-304.72 -555.87 -95.41 
-326.94 -528.11 -71.30 
-310.48 -485.60 -113.07 
156.67 -525.68 -3.52 
171.82 -534.67 -5.31 
157.97 -510.74 14.05 
123.68 -537.20 52.85 
-137.34 -460.98 218.19 
-147.42 -459.10 265.54 
-174.58 -475.70 192.74 
-171.12 -471.28 188.08 

-7.33 -456.69 -273.39 
-66.80 -428.53 -228.80 
-42.30 -612.54 -363.81 
-39.31 -508.91 -226.91 
-350.42 -495.81 -91.78 
-308.59 -564.06 -94.51 
-331.89 -536.30 -70.48 
-315.10 -493.12 -113.04 
158.51 -535.07 -7.01 
175.50 -542.10 -3.55 
160.19 -518.54 15.95 
121.55 -544.54 54.34 
-137.33 -467.70 222.19 
-147.06 -464.80 269.84 
-176.29 -483.38 192.50 
-172.64 -478.74 189.58 

-7.68 -456.00 -273.54 
-68.86 -426.64 -224.05 
-44.94 -611.52 -363.49 
-34.21 -508.32 -227.18 
-349.84 -496.21 -92.88 
-308.00 -563.73 -94.35 
-330.83 -535.95 -70.94 
-313.63 -492.00 -113.10 
159.06 -533.02 -3.49 
175.33 -542.51 -3.49 
160.27 -518.86 16.69 
125.09 -544.03 53.26 
-137.14 -467.34 221.54 
-147.17 -464.94 270.03 
-176.83 -482.29 194.27 
-172.40 -478.10 189.26 

-8.37 -455.74 -273.09 
-60.38 -431.06 -230.64 
-36.05 -613.39 -362.54 
-38.94 -506.69 -229.63 
-351.47 -496.75 -90.06 
-308.58 -564.64 -93.74 
-332.06 -536.40 -68.34 
-315.04 -492.85 -112.93 
159.18 -534.70 -5.26 
174.88 -543.20 -2.54 
160.29 -518.99 15.57 
124.64 -545.55 53.63 
-138.51 -467.39 221.73 
-148.03 -465.55 270.05 
-176.40 -483.06 196.35 
-172.37 -478.40 191.28 

-8.48 -457.68 -273.60 
-67.47 -429.15 -226.70 
-41.74 -614.08 -363.89 
-40.10 -509.65 -228.30 
-350.02 -500.11 -92.38 
-308.75 -564.22 -90.78 
-331.47 -537.31 -71.09 
-314.32 -494.26 -111.97 
158.43 -535.14 -3.44 
175.39 -543.57 -3.14 
160.10 -520.88 16.77 
125.70 -546.40 53.63 
-137.42 -469.17 222.75 
-148.24 -465.76 272.16 
-177.14 -484.18 196.38 
-172.29 -480.62 191.60 

